%YAML 1.0
---
pot_diameter_vec_ : [ 2.2859999537467957e-01, 2.2859999537467957e-01,
    2.2859999537467957e-01, 2.2859999537467957e-01,
    2.2859999537467957e-01, 2.2859999537467957e-01,
    2.2859999537467957e-01, 2.2859999537467957e-01 ]
pot_position_0: !!opencv-matrix
   rows: 2
   cols: 8
   dt: "3f"
   data: [ -8.13552737e-01, -8.04677844e-01, -4.16792929e-01,
       -8.26383412e-01, -5.61205268e-01, -3.61265600e-01,
       -8.11464012e-01, -3.31444055e-01, -3.67812693e-01,
       -8.46519947e-01, -6.30415902e-02, -3.70841861e-01,
       -8.17487895e-01, 1.69468552e-01, -3.68074477e-01, -8.11782420e-01,
       4.15119439e-01, -3.50372136e-01, -8.13116729e-01, 6.52021170e-01,
       -3.92961055e-01, -8.06898892e-01, 8.93809855e-01, -1.36605382e-01,
       -5.79703271e-01, -8.04305613e-01, -4.25552309e-01,
       -5.70095778e-01, -5.56266904e-01, -3.66405874e-01,
       -5.64647555e-01, -3.22038919e-01, -3.80281240e-01,
       -5.73714435e-01, -8.24421644e-02, -3.91516536e-01,
       -5.62531710e-01, 1.68058246e-01, -3.72156829e-01, -5.66555858e-01,
       3.94715518e-01, -1.78721264e-01, -5.66020310e-01, 6.39229298e-01,
       -3.87343168e-01, -5.68670332e-01, 8.73560071e-01, -1.50948122e-01 ]
pot_position_1: !!opencv-matrix
   rows: 2
   cols: 8
   dt: "3f"
   data: [ -8.60750377e-01, -8.22410583e-01, -3.84249896e-01,
       -8.68147910e-01, -5.78630984e-01, -1.27695486e-01,
       -8.61337900e-01, -3.44014943e-01, -4.11501110e-01,
       -8.67954910e-01, -1.00290895e-01, -3.71712714e-01,
       -8.63356113e-01, 1.49245456e-01, -3.61467063e-01, -8.40533912e-01,
       3.83694917e-01, -3.82136434e-01, -8.55968654e-01, 6.14220679e-01,
       -4.07531798e-01, -8.43121231e-01, 8.52415800e-01, -4.17237014e-01,
       -6.13729954e-01, -8.26568246e-01, -4.09595162e-01,
       -6.19035661e-01, -5.87558389e-01, -3.84790570e-01,
       -6.05874360e-01, -3.46693307e-01, -3.88513267e-01,
       -6.17638171e-01, -1.10274047e-01, -3.43955457e-01,
       -6.20047748e-01, 1.38846204e-01, -3.52684379e-01, -6.10707760e-01,
       3.74579221e-01, -3.40849638e-01, -5.99786460e-01, 6.11900985e-01,
       -3.61992568e-01, -5.98236382e-01, 8.59561741e-01, -2.43991002e-01 ]
pot_position_2: !!opencv-matrix
   rows: 2
   cols: 8
   dt: "3f"
   data: [ -8.26661229e-01, -8.03706169e-01, -3.63896370e-01,
       -8.48110855e-01, -5.57069480e-01, -3.95471156e-01,
       -8.43238115e-01, -3.19137335e-01, -3.43167603e-01,
       -8.72166634e-01, -6.51703179e-02, -3.68550122e-01,
       -8.31916332e-01, 1.83512196e-01, -3.23965073e-01, -8.36387277e-01,
       4.06758755e-01, -3.88819993e-01, -8.39612722e-01, 6.67047620e-01,
       -3.61053079e-01, -8.25972140e-01, 9.03191566e-01, -3.63164455e-01,
       -5.89145422e-01, -7.87042916e-01, -3.97862762e-01,
       -5.97300708e-01, -5.35564661e-01, -3.76786411e-01,
       -6.10755563e-01, -3.14921737e-01, -3.67209643e-01,
       -5.91709733e-01, -7.94169158e-02, -2.96778768e-01,
       -5.86709917e-01, 1.76866785e-01, -2.67192721e-01, -5.86675763e-01,
       4.16031599e-01, -1.74895167e-01, -5.89720249e-01, 6.63940191e-01,
       -3.55591238e-01, -5.75623989e-01, 8.98317099e-01, -1.52473956e-01 ]
pot_position_3: !!opencv-matrix
   rows: 2
   cols: 8
   dt: "3f"
   data: [ -8.37493658e-01, -8.11960340e-01, -3.94491673e-01,
       -8.45290720e-01, -5.65915585e-01, -1.53690472e-01,
       -8.56305480e-01, -3.30917209e-01, -3.87778163e-01,
       -8.65074039e-01, -9.86545905e-02, -3.87364596e-01,
       -8.63765180e-01, 1.45918801e-01, -4.02865022e-01, -8.59629154e-01,
       3.85104209e-01, -8.47959742e-02, -8.54729176e-01, 6.15127444e-01,
       -4.05194521e-01, -8.54189038e-01, 8.47209394e-01, -4.16769385e-01,
       -6.03063226e-01, -8.12031090e-01, -3.59101713e-01,
       -6.03880882e-01, -5.68161786e-01, -3.87457758e-01,
       -6.15263462e-01, -3.31261367e-01, -3.85299683e-01,
       -6.11799240e-01, -1.09355614e-01, -2.84062117e-01,
       -6.23624146e-01, 1.48230806e-01, -2.57054299e-01, -6.15415156e-01,
       3.74563098e-01, -3.49145055e-01, -6.03871524e-01, 6.16231203e-01,
       -3.54753196e-01, -6.01192892e-01, 8.62268090e-01, -3.50977421e-01 ]
pot_position_4: !!opencv-matrix
   rows: 2
   cols: 8
   dt: "3f"
   data: [ -8.56574535e-01, -8.19169223e-01, -3.72040957e-01,
       -8.65243673e-01, -5.79169869e-01, -1.85214877e-01,
       -8.54927957e-01, -3.27978671e-01, -3.70999515e-01,
       -8.59771013e-01, -8.72091353e-02, -3.84228438e-01,
       -8.46504509e-01, 1.60421431e-01, -3.83144706e-01, -8.31946433e-01,
       4.06527251e-01, -3.71696889e-01, -8.33038628e-01, 6.47850454e-01,
       -3.72444779e-01, -8.06850255e-01, 8.81416380e-01, -4.02843088e-01,
       -6.08890474e-01, -8.07530582e-01, -4.06408608e-01,
       -6.02172554e-01, -5.54112673e-01, -3.97072166e-01,
       -6.07418239e-01, -3.19170296e-01, -4.07972932e-01,
       -5.99763453e-01, -1.00772686e-01, -3.77681404e-01,
       -6.05131269e-01, 1.51821688e-01, -4.02069330e-01, -5.88411748e-01,
       3.92153054e-01, -3.64127159e-01, -5.88565290e-01, 6.35896206e-01,
       -3.62989545e-01, -5.66615522e-01, 8.86360347e-01, -3.93520951e-01 ]
pot_position_5: !!opencv-matrix
   rows: 2
   cols: 8
   dt: "3f"
   data: [ -8.85343611e-01, -8.07653546e-01, -3.87645572e-01,
       -9.07475352e-01, -5.77969372e-01, -2.53691912e-01,
       -8.81779134e-01, -3.22458327e-01, -3.99549782e-01,
       -8.74741375e-01, -8.90623704e-02, -2.17019811e-01,
       -8.66981268e-01, 1.50833502e-01, -2.40911484e-01, -8.64080608e-01,
       3.96251291e-01, -3.13873410e-01, -8.45146537e-01, 6.41163051e-01,
       -3.43440861e-01, -8.48739088e-01, 8.79480958e-01, -4.38660651e-01,
       -6.54519022e-01, -8.29619884e-01, -3.89063030e-01,
       -6.57355011e-01, -5.84905446e-01, -3.60099345e-01,
       -6.37875319e-01, -3.37296456e-01, -3.87367904e-01,
       -6.17866576e-01, -1.08111002e-01, -1.68322414e-01,
       -6.11405075e-01, 1.49007201e-01, -3.35629404e-01, -6.09976768e-01,
       3.83897364e-01, -3.74782085e-01, -5.95858097e-01, 6.27703190e-01,
       -3.31865966e-01, -6.01513386e-01, 8.66545200e-01, -1.27980620e-01 ]
pot_position_6: !!opencv-matrix
   rows: 2
   cols: 8
   dt: "3f"
   data: [ -8.58504534e-01, -8.36741507e-01, -3.82949680e-01,
       -8.62851799e-01, -5.91271102e-01, -3.93957376e-01,
       -8.49681437e-01, -3.38587850e-01, -3.81615758e-01,
       -8.63437414e-01, -8.42325240e-02, -4.06535596e-01,
       -8.58672738e-01, 1.51281521e-01, -1.76636949e-01, -8.59076321e-01,
       3.84371072e-01, -3.98391217e-01, -8.44417393e-01, 6.38847649e-01,
       -4.03011024e-01, -8.25313687e-01, 8.67802978e-01, -4.15196717e-01,
       -6.10358059e-01, -8.23059678e-01, -3.64604592e-01,
       -6.15075529e-01, -5.73291957e-01, -4.14275974e-01,
       -6.10535264e-01, -3.36524725e-01, -3.85705382e-01,
       -5.99776387e-01, -1.07745692e-01, -3.88190120e-01,
       -6.05554044e-01, 1.45256281e-01, -3.96330237e-01, -5.92739224e-01,
       3.77818584e-01, -3.99151146e-01, -6.03879273e-01, 6.24800622e-01,
       -3.92807096e-01, -5.83917081e-01, 8.64947081e-01, -2.95937210e-01 ]
