%YAML 1.0
---
pot_diameter_vec_ : [ 2.3000000417232513e-01, 2.3000000417232513e-01,
    2.3000000417232513e-01, 2.3000000417232513e-01,
    2.3000000417232513e-01, 2.3000000417232513e-01,
    2.3000000417232513e-01, 2.3000000417232513e-01 ]
pot_position_0: !!opencv-matrix
   rows: 2
   cols: 8
   dt: "3f"
   data: [ 8.77046585e-01, -8.31066012e-01, -3.82618129e-01,
       6.21102989e-01, -8.42374563e-01, -4.33086812e-01, 3.74583453e-01,
       -8.49134982e-01, -4.07726884e-01, 1.36040971e-01, -8.39835882e-01,
       -3.80565912e-01, -1.51900917e-01, -8.43752801e-01,
       -2.91600168e-01, -3.92158538e-01, -8.31760824e-01,
       -4.42387700e-01, -6.58825994e-01, -8.34165633e-01,
       -3.31538498e-01, -9.07057226e-01, -8.16520691e-01,
       -3.54244560e-01, 8.66434813e-01, -5.83298266e-01, -4.32593018e-01,
       6.17725730e-01, -5.77651739e-01, -3.63925934e-01, 3.61452490e-01,
       -5.81808507e-01, -3.59944075e-01, 1.11709617e-01, -5.96150875e-01,
       -2.78916061e-01, -1.48315966e-01, -5.89595675e-01,
       -3.13720703e-01, -3.81688267e-01, -5.69571972e-01,
       -2.95942694e-01, -6.50415719e-01, -5.64587116e-01,
       -4.20552462e-01, -9.25351620e-01, -5.60963392e-01,
       -4.25550461e-01 ]
pot_position_1: !!opencv-matrix
   rows: 2
   cols: 8
   dt: "3f"
   data: [ 8.49687457e-01, -8.54810417e-01, -1.79406509e-01,
       5.93097150e-01, -8.46695781e-01, -2.51939625e-01, 3.38289201e-01,
       -8.31615210e-01, -1.55098677e-01, 6.95859343e-02, -8.52533162e-01,
       -1.60719976e-01, -1.96818501e-01, -8.31022620e-01,
       -2.00339079e-01, -4.31191802e-01, -8.20984423e-01,
       -2.46669263e-01, -6.82583570e-01, -8.13079953e-01,
       -2.43594721e-01, -9.43886638e-01, -8.13474357e-01,
       -3.30933720e-01, 8.30097377e-01, -5.77296376e-01, -2.04636231e-01,
       5.77178478e-01, -5.53248882e-01, -1.73489958e-01, 3.14767271e-01,
       -5.56461871e-01, -1.83146089e-01, 7.85746276e-02, -5.78326523e-01,
       -2.41220742e-01, -1.87217444e-01, -5.58455825e-01,
       -1.76348493e-01, -4.25446242e-01, -5.58212340e-01,
       -2.70051271e-01, -6.74116850e-01, -5.51389515e-01,
       -2.74574876e-01, -9.37009394e-01, -5.41977048e-01,
       -2.27725938e-01 ]
pot_position_2: !!opencv-matrix
   rows: 2
   cols: 8
   dt: "3f"
   data: [ 8.56613159e-01, -8.63023698e-01, -2.51615494e-01,
       5.99186897e-01, -8.85089874e-01, -3.32105100e-01, 3.51791620e-01,
       -8.72493088e-01, -2.72516698e-01, 9.93108153e-02, -8.49990129e-01,
       -2.63354182e-01, -1.67985931e-01, -8.71188521e-01,
       -2.17714980e-01, -4.06173646e-01, -8.47195387e-01,
       -2.80554324e-01, -6.73995912e-01, -8.51586521e-01,
       -2.26511508e-01, -9.05824065e-01, -8.50260019e-01,
       -2.29193255e-01, 8.34393799e-01, -6.03521466e-01, -3.24259430e-01,
       5.98557711e-01, -6.12100780e-01, -2.96482235e-01, 3.35551798e-01,
       -6.03766561e-01, -2.24363253e-01, 9.57321078e-02, -5.99862993e-01,
       -2.45141387e-01, -1.63774028e-01, -5.98385811e-01,
       -4.67730880e-01, -4.07069087e-01, -5.73547482e-01,
       -3.13597351e-01, -6.54224813e-01, -5.93573570e-01,
       -3.09300274e-01, -9.04936671e-01, -5.97119570e-01,
       -2.91674644e-01 ]
pot_position_3: !!opencv-matrix
   rows: 2
   cols: 8
   dt: "3f"
   data: [ 8.51038516e-01, -8.62158716e-01, -3.48458856e-01,
       6.20854557e-01, -8.79241526e-01, -3.54677707e-01, 3.64175111e-01,
       -8.64544988e-01, -3.68346334e-01, 1.14037871e-01, -8.88949811e-01,
       -4.29059833e-01, -1.51288435e-01, -8.75090420e-01,
       -3.82650793e-01, -3.88723284e-01, -8.67068291e-01,
       -3.50323439e-01, -6.43670857e-01, -8.60896289e-01,
       -3.40481371e-01, -8.89627159e-01, -8.47486079e-01,
       -3.49512637e-01, 8.62754464e-01, -6.03113353e-01, -3.51371348e-01,
       6.19014919e-01, -6.15189850e-01, -3.56267303e-01, 3.67635518e-01,
       -6.14585340e-01, -3.70845646e-01, 1.23652227e-01, -6.13333464e-01,
       -4.18709338e-01, -1.44597203e-01, -6.05851114e-01,
       -3.53072703e-01, -3.80911112e-01, -6.07099950e-01,
       -4.42649692e-01, -6.47576332e-01, -6.08597517e-01,
       -3.42396080e-01, -8.76112580e-01, -6.01710379e-01,
       -3.32690090e-01 ]
pot_position_4: !!opencv-matrix
   rows: 2
   cols: 8
   dt: "3f"
   data: [ 8.11606705e-01, -8.47860217e-01, -2.89314032e-01,
       5.69656551e-01, -8.77200484e-01, -2.93208987e-01, 3.19151968e-01,
       -8.63802493e-01, -2.81378090e-01, 5.84270731e-02, -8.67677510e-01,
       -2.86498487e-01, -1.86934337e-01, -8.48117471e-01,
       -3.14063102e-01, -4.32461858e-01, -8.51663351e-01,
       -3.35453987e-01, -6.88762426e-01, -8.53732109e-01,
       -2.74214268e-01, -9.17382836e-01, -8.22510839e-01,
       -1.99756041e-01, 8.00327837e-01, -5.88693142e-01, -2.69558340e-01,
       5.64699709e-01, -6.06332004e-01, -2.60692865e-01, 3.17479610e-01,
       -6.03219926e-01, -2.74765909e-01, 7.18556345e-02, -5.98057508e-01,
       -2.66144007e-01, -1.81891531e-01, -5.86485445e-01,
       -2.27612689e-01, -4.33832347e-01, -5.98386168e-01,
       -2.58406609e-01, -6.82771921e-01, -5.92365324e-01,
       -2.22581208e-01, -9.28960800e-01, -5.85820079e-01,
       -4.01131898e-01 ]
pot_position_5: !!opencv-matrix
   rows: 2
   cols: 8
   dt: "3f"
   data: [ 8.61261666e-01, -8.74313116e-01, -3.53149086e-01,
       6.16646290e-01, -8.88919353e-01, -3.65579456e-01, 3.58928025e-01,
       -8.73967290e-01, -4.50009018e-01, 1.28475219e-01, -8.64736915e-01,
       -3.82197618e-01, -1.54782638e-01, -8.73300672e-01,
       -4.20245379e-01, -3.98600996e-01, -8.58558774e-01,
       -4.35514361e-01, -6.50432765e-01, -8.57109368e-01,
       -3.68299872e-01, -8.98740172e-01, -8.46180081e-01,
       -3.21356267e-01, 8.48111928e-01, -6.10468924e-01, -4.74708647e-01,
       6.17603004e-01, -6.15213215e-01, -4.60243464e-01, 3.58633488e-01,
       -6.16513431e-01, -3.96962404e-01, 1.17820643e-01, -5.99502921e-01,
       -3.62375975e-01, -1.56557918e-01, -6.03006542e-01,
       -4.33616608e-01, -3.94260734e-01, -5.96246243e-01,
       -4.14063722e-01, -6.46880627e-01, -6.13340139e-01,
       -3.39592576e-01, -8.94492328e-01, -5.90447783e-01,
       -3.65575612e-01 ]
pot_position_6: !!opencv-matrix
   rows: 2
   cols: 8
   dt: "3f"
   data: [ 8.58521223e-01, -8.97506475e-01, -4.81656432e-01,
       6.06373370e-01, -8.95667911e-01, -3.25010657e-01, 3.50755036e-01,
       -8.78186703e-01, -2.59813160e-01, 1.02962039e-01, -8.73840749e-01,
       -2.86232948e-01, -1.86860010e-01, -8.74860585e-01,
       -2.73217559e-01, -4.38926995e-01, -8.68630409e-01,
       -3.24896932e-01, -6.74789608e-01, -8.54553819e-01,
       -2.35799134e-01, -9.24723327e-01, -8.31516564e-01,
       -3.53923678e-01, 8.35643709e-01, -6.47053838e-01, -4.17418778e-01,
       5.94653010e-01, -6.45539880e-01, -2.95362025e-01, 3.43487740e-01,
       -6.22198939e-01, -2.90132195e-01, 1.01105340e-01, -6.16943061e-01,
       -2.97601849e-01, -1.78283408e-01, -6.18943512e-01,
       -3.26709211e-01, -4.23599720e-01, -5.91461003e-01,
       -3.38755429e-01, -6.94664419e-01, -5.92614233e-01,
       -2.33514801e-01, -9.20550764e-01, -5.82898259e-01,
       -2.67865390e-01 ]
