%YAML 1.0
---
pot_diameter_vec_ : [ 2.3000000417232513e-01, 2.3000000417232513e-01,
    2.3000000417232513e-01, 2.3000000417232513e-01,
    2.3000000417232513e-01, 2.3000000417232513e-01,
    2.3000000417232513e-01, 2.3000000417232513e-01 ]
pot_position_0: !!opencv-matrix
   rows: 1
   cols: 8
   dt: "3f"
   data: [ 0.76, -0.7, 0.63, 
        0.55, -0.7, 0.63, 
        0.3, -0.7, 0.63,
        0.1, -0.7, 0.63,
        -0.12, -0.7, 0.63,
        -0.33, -0.7, 0.63,
        -0.58, -0.7, 0.63,
        -0.82, -0.7, 0.63 ]
pot_position_1: !!opencv-matrix
   rows: 1
   cols: 8
   dt: "3f"
   data: [ 0.76, -0.7, 0.63, 
        0.55, -0.7, 0.63, 
        0.3, -0.7, 0.63,
        0.1, -0.7, 0.63,
        -0.12, -0.7, 0.63,
        -0.33, -0.7, 0.63,
        -0.58, -0.7, 0.63,
        -0.82, -0.7, 0.63 ]
pot_position_2: !!opencv-matrix
   rows: 1
   cols: 8
   dt: "3f"
   data: [ 0.79, -0.7, 0.63, 
        0.58, -0.7, 0.63, 
        0.375, -0.7, 0.63,
        0.135, -0.7, 0.63,
        -0.14, -0.7, 0.63,
        -0.36, -0.7, 0.63,
        -0.6, -0.7, 0.63,
        -0.82, -0.7, 0.63 ]
pot_position_3: !!opencv-matrix
   rows: 1
   cols: 8
   dt: "3f"
   data: [ 0.79, -0.7, 0.63, 
        0.58, -0.7, 0.63, 
        0.375, -0.7, 0.63,
        0.135, -0.7, 0.63,
        -0.14, -0.7, 0.63,
        -0.36, -0.7, 0.63,
        -0.6, -0.7, 0.63,
        -0.82, -0.7, 0.63 ]
pot_position_4: !!opencv-matrix
   rows: 1
   cols: 8
   dt: "3f"
   data: [ 0.79, -0.7, 0.63, 
        0.58, -0.7, 0.63, 
        0.375, -0.7, 0.63,
        0.135, -0.7, 0.63,
        -0.14, -0.7, 0.63,
        -0.36, -0.7, 0.63,
        -0.6, -0.7, 0.63,
        -0.82, -0.7, 0.63 ]
pot_position_5: !!opencv-matrix
   rows: 1
   cols: 8
   dt: "3f"
   data: [ 0.79, -0.7, 0.63, 
        0.58, -0.7, 0.63, 
        0.375, -0.7, 0.63,
        0.135, -0.7, 0.63,
        -0.14, -0.7, 0.63,
        -0.36, -0.7, 0.63,
        -0.6, -0.7, 0.63,
        -0.82, -0.7, 0.63 ]
pot_position_6: !!opencv-matrix
   rows: 1
   cols: 8
   dt: "3f"
   data: [ 0.79, -0.7, 0.63, 
        0.58, -0.7, 0.63, 
        0.375, -0.7, 0.63,
        0.135, -0.7, 0.63,
        -0.14, -0.7, 0.63,
        -0.36, -0.7, 0.63,
        -0.6, -0.7, 0.63,
        -0.82, -0.7, 0.63 ]
pot_position_7: !!opencv-matrix
   rows: 1
   cols: 8
   dt: "3f"
   data: [ 0.79, -0.7, 0.63, 
        0.58, -0.7, 0.63, 
        0.375, -0.7, 0.63,
        0.135, -0.7, 0.63,
        -0.14, -0.7, 0.63,
        -0.36, -0.7, 0.63,
        -0.6, -0.7, 0.63,
        -0.82, -0.7, 0.63 ]
