%YAML 1.0
---
hand to eye: !!opencv-matrix
   rows: 4
   cols: 4
   dt: d
   data: [ 9.9988495835014624e-01, 8.9083550976414520e-03,
       -1.2276452035514550e-02, -3.1346227207681376e-02,
       -8.9032887627317862e-03, 9.9996025575997327e-01,
       4.6727899215490143e-04, 1.4341506723557121e-01,
       1.2280126804449783e-02, -3.5792443815478581e-04,
       9.9992453234019762e-01, 1.3456610945343575e-01, 0., 0., 0., 1. ]
