%YAML 1.0
---
camera_matrix: !!opencv-matrix
   rows: 3
   cols: 3
   dt: d
   data: [ 7.9122254894681271e+02, 0., 3.1553691058330844e+02, 0.,
       7.9360057254645767e+02, 2.4540532841776246e+02, 0., 0., 1. ]
distortion_coefficients: !!opencv-matrix
   rows: 5
   cols: 1
   dt: d
   data: [ -2.2467383285201384e-01, 4.3475742446167720e-01,
       -7.6682514790478809e-04, -1.5949212070554480e-04,
       -1.8511834303121019e-01 ]
nframes: 30
camera poses:
   - !!opencv-matrix
      rows: 4
      cols: 4
      dt: d
      data: [ 1.3372088773169608e-01, -9.8727039709048114e-01,
          8.6115545710695851e-02, 1.3038443789773529e-01,
          9.9034634693021528e-01, 1.2992349921094185e-01,
          -4.8311463181757885e-02, -8.8542489003518410e-02,
          3.6508044404282868e-02, 9.1744467852771405e-02,
          9.9511311684259662e-01, 4.4958011353901178e-01, 0., 0., 0., 1. ]
   - !!opencv-matrix
      rows: 4
      cols: 4
      dt: d
      data: [ 1.8376064398854511e-01, -9.7975245879578399e-01,
          7.9480470585743535e-02, 1.2245134657224864e-01,
          9.8062300767222754e-01, 1.8830685267290093e-01,
          5.4028196900331782e-02, -1.0062734294841492e-01,
          -6.7900976022365250e-02, 6.8012121861050961e-02,
          9.9537119143321007e-01, 4.5016413909793812e-01, 0., 0., 0., 1. ]
   - !!opencv-matrix
      rows: 4
      cols: 4
      dt: d
      data: [ -4.1277611708477865e-02, -9.9590952404407995e-01,
          8.0376480950203347e-02, 1.1473047440041545e-01,
          9.9903457876615087e-01, -4.2349745035760236e-02,
          -1.1679448828840741e-02, -6.9976270670898164e-02,
          1.5035597799340716e-02, 7.9816784035066021e-02,
          9.9669614817411434e-01, 4.5090081774569418e-01, 0., 0., 0., 1. ]
   - !!opencv-matrix
      rows: 4
      cols: 4
      dt: d
      data: [ -2.1695825288808016e-01, -9.7262321211198677e-01,
          8.3265861940611113e-02, 8.4596738347039499e-02,
          9.6578594677978302e-01, -2.2628043290746638e-01,
          -1.2670702697912106e-01, -2.3255603788083005e-02,
          1.4207963086392772e-01, 5.2926864106714863e-02,
          9.8843923715593140e-01, 4.6764291605498193e-01, 0., 0., 0., 1. ]
   - !!opencv-matrix
      rows: 4
      cols: 4
      dt: d
      data: [ -2.2661883266936217e-01, -9.7364044387316118e-01,
          -2.5849385564255152e-02, 6.1823254033010464e-02,
          9.7271172176139031e-01, -2.2488736725030728e-01,
          -5.7075199510971585e-02, -1.9358896012593073e-02,
          4.9757522321428153e-02, -3.8078315426227992e-02,
          9.9803518518473777e-01, 4.6178756934461429e-01, 0., 0., 0., 1. ]
   - !!opencv-matrix
      rows: 4
      cols: 4
      dt: d
      data: [ -2.0870242293165328e-01, -9.4944201397149275e-01,
          2.3452752667482957e-01, 1.3197206611342474e-01,
          9.6808331689914850e-01, -1.6653407987304125e-01,
          1.8729947085451659e-01, -4.1434884621661068e-02,
          -1.3877316096421433e-01, 2.6613203930867679e-01,
          9.5389504005912751e-01, 4.4017868359267864e-01, 0., 0., 0., 1. ]
   - !!opencv-matrix
      rows: 4
      cols: 4
      dt: d
      data: [ -2.1299926289671739e-01, -9.5971164527382069e-01,
          1.8326175796185940e-01, 1.0737655055843470e-01,
          9.6453846090484940e-01, -1.7661588971888911e-01,
          1.9614378637649810e-01, -5.2937695756568731e-02,
          -1.5587453749974434e-01, 2.1854149588721417e-01,
          9.6329784757084314e-01, 4.4733935344242015e-01, 0., 0., 0., 1. ]
   - !!opencv-matrix
      rows: 4
      cols: 4
      dt: d
      data: [ -2.2289470392295266e-01, -9.6445077366512144e-01,
          1.4196005121106473e-01, 8.3018267862887754e-02,
          9.5191678345615049e-01, -1.8393676115889826e-01,
          2.4499327596664922e-01, -2.5433415589458105e-02,
          -2.1017228251507283e-01, 1.8974185903780766e-01,
          9.5907540818815762e-01, 4.4539220937819551e-01, 0., 0., 0., 1. ]
   - !!opencv-matrix
      rows: 4
      cols: 4
      dt: d
      data: [ -2.3157139461132953e-01, -9.6485882925857080e-01,
          -1.2418586392800181e-01, 1.3967964413304298e-01,
          9.4769077307858851e-01, -2.5257071132167813e-01,
          1.9516719602476465e-01, -1.0246670707617022e-02,
          -2.1967450425452495e-01, -7.2494657625522957e-02,
          9.7287596167049317e-01, 4.6418470106018250e-01, 0., 0., 0., 1. ]
   - !!opencv-matrix
      rows: 4
      cols: 4
      dt: d
      data: [ -2.3535453404282311e-01, -9.4407558975762851e-01,
          -2.3093186035987279e-01, 1.7826948104088805e-01,
          9.4703220830348989e-01, -2.7617789714641960e-01,
          1.6387728812619956e-01, -2.1090535408920863e-02,
          -2.1849082301392297e-01, -1.8013064689710023e-01,
          9.5906971086940884e-01, 4.7559437972484769e-01, 0., 0., 0., 1. ]
   - !!opencv-matrix
      rows: 4
      cols: 4
      dt: d
      data: [ -5.6347264961743512e-02, -9.7029123458203981e-01,
          -2.3528685858881218e-01, 1.6595104034048580e-01,
          9.8098322952122197e-01, -9.7644194157670838e-02,
          1.6774240592471559e-01, -6.9944509678078443e-02,
          -1.8573338183924840e-01, -2.2136063661039582e-01,
          9.5734141215660129e-01, 5.0975626488529513e-01, 0., 0., 0., 1. ]
   - !!opencv-matrix
      rows: 4
      cols: 4
      dt: d
      data: [ 2.2358985554714206e-01, -9.4321022506815089e-01,
          -2.4568688980752787e-01, 1.3589077455569540e-01,
          9.5726623824715995e-01, 1.6506404376038791e-01,
          2.3747675795664819e-01, -1.0073312636855114e-01,
          -1.8343643479020152e-01, -2.8828515880002731e-01,
          9.3980994972765808e-01, 5.1844040381969181e-01, 0., 0., 0., 1. ]
   - !!opencv-matrix
      rows: 4
      cols: 4
      dt: d
      data: [ 3.2142337788301012e-01, -9.4506664780972827e-01,
          -5.9464639475562873e-02, 3.6486979428839134e-02,
          9.3292928143535003e-01, 3.0528337705611625e-01,
          1.9090577658555694e-01, -7.6085722058560359e-02,
          -1.6226511637070093e-01, -1.1683788294425798e-01,
          9.7980556291455434e-01, 4.6031633570523883e-01, 0., 0., 0., 1. ]
   - !!opencv-matrix
      rows: 4
      cols: 4
      dt: d
      data: [ 3.4321962841894454e-01, -9.2389379931414595e-01,
          -1.6917604516252976e-01, 4.8689438417028313e-03,
          9.3116925407760232e-01, 3.5828332205296837e-01,
          -6.7504676869462987e-02, -1.2445440514605553e-01,
          1.2298010785701607e-01, -1.3436260167011360e-01,
          9.8327136861800013e-01, 5.2311358810771025e-01, 0., 0., 0., 1. ]
   - !!opencv-matrix
      rows: 4
      cols: 4
      dt: d
      data: [ 5.9060756582433101e-02, -9.9361103322245770e-01,
          -9.6171418261926475e-02, 3.2903651108000510e-02,
          9.9247394797397792e-01, 6.8798248900469011e-02,
          -1.0130283086456572e-01, -1.3719773012729439e-01,
          1.0727203561439617e-01, -8.9464605329867372e-02,
          9.9019634152440428e-01, 5.2231341719269009e-01, 0., 0., 0., 1. ]
   - !!opencv-matrix
      rows: 4
      cols: 4
      dt: d
      data: [ -1.5768298506759609e-01, -9.8352371839005659e-01,
          -8.8414770170876039e-02, 5.2339632689420677e-02,
          9.8744502364950815e-01, -1.5619007195175325e-01,
          -2.3600565534082865e-02, -4.1798485912192838e-02,
          9.4022066556025338e-03, -9.1026132445044122e-02,
          9.9580411814879666e-01, 5.2315257613193333e-01, 0., 0., 0., 1. ]
   - !!opencv-matrix
      rows: 4
      cols: 4
      dt: d
      data: [ 9.1928817282052225e-02, -9.8986719343403795e-01,
          -1.0822214152447721e-01, 9.6363926486876250e-02,
          9.8820221281973231e-01, 1.0406002681659907e-01,
          -1.1237391777949789e-01, -5.3191232614407974e-02,
          1.2249685355676579e-01, -9.6614958375758772e-02,
          9.8775506614076269e-01, 5.3839508573976924e-01, 0., 0., 0., 1. ]
   - !!opencv-matrix
      rows: 4
      cols: 4
      dt: d
      data: [ 9.5010738811316081e-02, -9.9545808015129500e-01,
          -6.0141642832406833e-03, 1.6749161675406363e-01,
          9.6417971280081238e-01, 9.3525014153616387e-02,
          -2.4821473193770943e-01, -1.2531557322666440e-01,
          2.4764983531969281e-01, 1.7784329873902660e-02,
          9.6868636651759765e-01, 5.3940199583945503e-01, 0., 0., 0., 1. ]
   - !!opencv-matrix
      rows: 4
      cols: 4
      dt: d
      data: [ -9.5795725536040859e-03, -9.9991013592670219e-01,
          9.3782653371714819e-03, 1.5553210399025766e-01,
          9.8548506752975262e-01, -1.1030227066406172e-02,
          -1.6940341131967335e-01, -5.7016964711475500e-02,
          1.6949163243525961e-01, 7.6193281795495504e-03,
          9.8550217268787565e-01, 5.3633375315476250e-01, 0., 0., 0., 1. ]
   - !!opencv-matrix
      rows: 4
      cols: 4
      dt: d
      data: [ -2.3889054751979183e-01, -9.7098650321524660e-01,
          1.0794298472912342e-02, 1.1191037940949231e-01,
          9.5639276941637885e-01, -2.3719487817620150e-01,
          -1.7044488955391540e-01, -3.3453407877320533e-02,
          1.6806003961014521e-01, -3.0394083977069677e-02,
          9.8530808519235857e-01, 5.4004538294459969e-01, 0., 0., 0., 1. ]
   - !!opencv-matrix
      rows: 4
      cols: 4
      dt: d
      data: [ -2.3938087449317497e-01, -9.7089608337033118e-01,
          7.5889540144561396e-03, 1.8627423043588134e-01,
          9.5639869402872224e-01, -2.3713906682060162e-01,
          -1.7048929892403397e-01, -1.1983980925932109e-02,
          1.6732703005503080e-01, -3.3553811759693658e-02,
          9.8533030336499705e-01, 5.4387110759035029e-01, 0., 0., 0., 1. ]
   - !!opencv-matrix
      rows: 4
      cols: 4
      dt: d
      data: [ -2.4265084356707717e-01, -9.6541125654740589e-01,
          -9.5402693084338741e-02, 1.3639215111192174e-01,
          9.5535631977850144e-01, -2.2071344928689807e-01,
          -1.9641760502347344e-01, -2.6101150185840246e-02,
          1.6856710941183989e-01, -1.3880446331238255e-01,
          9.7586804978393360e-01, 5.6258796604954775e-01, 0., 0., 0., 1. ]
   - !!opencv-matrix
      rows: 4
      cols: 4
      dt: d
      data: [ -2.4126683353459158e-01, -9.6595974393624062e-01,
          -9.3338567220757868e-02, 1.4216776492203104e-01,
          9.5621833390163946e-01, -2.2020814327555371e-01,
          -1.9275598964884577e-01, -1.7204692131507195e-02,
          1.6564061381969217e-01, -1.3575767650400283e-01,
          9.7679733840939087e-01, 5.1038808000572011e-01, 0., 0., 0., 1. ]
   - !!opencv-matrix
      rows: 4
      cols: 4
      dt: d
      data: [ -2.4670329241426711e-01, -9.5785224420340986e-01,
          -1.4716169265964626e-01, 1.1586646813471170e-01,
          9.4864437709093741e-01, -2.0766816341002936e-01,
          -2.3863733932403117e-01, -3.8272930635864517e-02,
          1.9801851258331390e-01, -1.9847672956897724e-01,
          9.5989356519037827e-01, 4.8330046510059510e-01, 0., 0., 0., 1. ]
   - !!opencv-matrix
      rows: 4
      cols: 4
      dt: d
      data: [ -2.5084665307400156e-01, -9.3385632953943676e-01,
          -2.5492805342037667e-01, 4.9009420036258473e-02,
          9.4845447779144998e-01, -1.8441058507396813e-01,
          -2.5773404833282043e-01, -5.5337796138237499e-02,
          1.9367514089040810e-01, -3.0643937718871517e-01,
          9.3197899542278984e-01, 4.9157058127981329e-01, 0., 0., 0., 1. ]
   - !!opencv-matrix
      rows: 4
      cols: 4
      dt: d
      data: [ -4.8831241356377668e-02, -9.6259975039691070e-01,
          -2.6649058220394978e-01, 8.9593357736356155e-02,
          9.6961817347288204e-01, 1.8344700274849080e-02,
          -2.4393456016509368e-01, -8.9732743160239853e-02,
          2.3970003658470090e-01, -2.7030573894690230e-01,
          9.3245841727857326e-01, 4.9298839189272453e-01, 0., 0., 0., 1. ]
   - !!opencv-matrix
      rows: 4
      cols: 4
      dt: d
      data: [ -8.2221439493427126e-02, -9.6192669608286185e-01,
          -2.6064663099825092e-01, 8.4870257032846119e-02,
          9.3292134479506639e-01, 1.7708207666040698e-02,
          -3.5964452422777338e-01, -1.3409809365169215e-01,
          3.5056725362388563e-01, -2.7273329599512797e-01,
          8.9594595257874832e-01, 5.0441677708343446e-01, 0., 0., 0., 1. ]
   - !!opencv-matrix
      rows: 4
      cols: 4
      dt: d
      data: [ 5.7505515979955429e-02, -9.6619423395742521e-01,
          -2.5132015020547688e-01, 1.0906124247114900e-01,
          9.9834269939724662e-01, 5.6215605688630529e-02,
          1.2315041099373439e-02, -5.4490330445155104e-02,
          2.2293927643951411e-03, -2.5161181996179111e-01,
          9.6782566708236129e-01, 4.6564527103619274e-01, 0., 0., 0., 1. ]
   - !!opencv-matrix
      rows: 4
      cols: 4
      dt: d
      data: [ -5.0206306812690817e-02, -9.9538266421244281e-01,
          -8.1808792568824396e-02, 1.9939590924824091e-01,
          9.9083962483652055e-01, -5.9923638243489022e-02,
          1.2102064052667380e-01, -1.5879590522713573e-02,
          -1.2536412808316780e-01, -7.4983393928272163e-02,
          9.8927313014401830e-01, 5.0581195534044265e-01, 0., 0., 0., 1. ]
   - !!opencv-matrix
      rows: 4
      cols: 4
      dt: d
      data: [ -5.3638042054600141e-02, -9.8685167459163725e-01,
          -1.5246879287326348e-01, 1.5203717389205926e-01,
          9.9079683764727278e-01, -7.1599888471685635e-02,
          1.1486985017403781e-01, -3.5425786157466714e-02,
          -1.2427625256947789e-01, -1.4490420396428585e-01,
          9.8160999624125855e-01, 5.1999501107920898e-01, 0., 0., 0., 1. ]
TCP poses:
   - !!opencv-matrix
      rows: 4
      cols: 4
      dt: d
      data: [ -1.6925218288801525e-01, -9.8557220693930170e-01,
          -1.0599511479035539e-03, -6.5073708852543732e-01,
          -9.8372835463314534e-01, 1.6886957800240587e-01,
          6.1331801832767818e-02, 8.3571483054787465e-03,
          -6.0267925784835245e-02, 1.1423245339369798e-02,
          -9.9811687020484241e-01, -1.8010636939675062e-01, 0., 0., 0.,
          1. ]
   - !!opencv-matrix
      rows: 4
      cols: 4
      dt: d
      data: [ -2.2240360853263441e-01, -9.7017066518049422e-01,
          9.6465099050901212e-02, -7.1748127131368178e-01,
          -9.7264072754405362e-01, 2.2759987228162359e-01,
          4.6565150702674848e-02, 8.4083178965399970e-03,
          -6.7131587455063271e-02, -8.3469626575336922e-02,
          -9.9424653452005407e-01, -1.8015520809755628e-01, 0., 0., 0.,
          1. ]
   - !!opencv-matrix
      rows: 4
      cols: 4
      dt: d
      data: [ 2.3300918368761581e-03, -9.9987098675643193e-01,
          1.5892781844302678e-02, -6.5629934798039458e-01,
          -9.9867280868124286e-01, -1.5090099091061848e-03,
          5.1481492692149688e-02, 8.3748132570053996e-03,
          -5.1450868532507438e-02, -1.5991645688080203e-02,
          -9.9854748279460281e-01, -1.8017383015895283e-01, 0., 0., 0.,
          1. ]
   - !!opencv-matrix
      rows: 4
      cols: 4
      dt: d
      data: [ 1.8328434889209877e-01, -9.7782125925274832e-01,
          -1.0135300885799299e-01, -5.4952259657722258e-01,
          -9.8171167883773236e-01, -1.8745543888419869e-01,
          3.3205994433732067e-02, 8.3475366557988952e-03,
          -5.1468700049640784e-02, 9.3413293412134640e-02,
          -9.9429619808641456e-01, -1.8015253352717336e-01, 0., 0., 0.,
          1. ]
   - !!opencv-matrix
      rows: 4
      cols: 4
      dt: d
      data: [ 1.8697567167711404e-01, -9.8225752145993883e-01,
          -1.4500335729563094e-02, -5.9152356053178456e-01,
          -9.8082688425685560e-01, -1.8583711570572725e-01,
          -5.8678697541484977e-02, 4.3984893295564223e-02,
          5.4942891440849725e-02, 2.5193808000263100e-02,
          -9.9817160384302905e-01, -1.8013375102946086e-01, 0., 0., 0.,
          1. ]
   - !!opencv-matrix
      rows: 4
      cols: 4
      dt: d
      data: [ 1.7272832812785011e-01, -9.6826657466832888e-01,
          1.8062326827465824e-01, -7.4275000724928786e-01,
          -9.6356067836072079e-01, -1.2808277905300869e-01,
          2.3483104740873931e-01, -7.0055457644890476e-02,
          -2.0424432373798063e-01, -2.1460345311788367e-01,
          -9.5510712180922164e-01, -1.8011634076637131e-01, 0., 0., 0.,
          1. ]
   - !!opencv-matrix
      rows: 4
      cols: 4
      dt: d
      data: [ 1.7615373731753980e-01, -9.6359915937253382e-01,
          2.0111320415529424e-01, -7.6269361023073545e-01,
          -9.7177031447643636e-01, -1.3765728015237677e-01,
          1.9160618237264151e-01, -7.0067109857260113e-02,
          -1.5694685957811030e-01, -2.2918798676544097e-01,
          -9.6064590250048587e-01, -1.8016006737022305e-01, 0., 0., 0.,
          1. ]
   - !!opencv-matrix
      rows: 4
      cols: 4
      dt: d
      data: [ 1.8412832238577703e-01, -9.5000262304919081e-01,
          2.5217410076186697e-01, -7.6271372338769461e-01,
          -9.7599298728886763e-01, -1.4634733056699323e-01,
          1.6130761791951159e-01, -6.9990735705245208e-02,
          -1.1633765365672144e-01, -2.7582145499502408e-01,
          -9.5414258646497718e-01, -1.8014729436096427e-01, 0., 0., 0.,
          1. ]
   - !!opencv-matrix
      rows: 4
      cols: 4
      dt: d
      data: [ 1.8409512763086389e-01, -9.5001953152486251e-01,
          2.5213463408238435e-01, -7.6269535163181856e-01,
          -9.7112263637555718e-01, -2.1540672468150468e-01,
          -1.0257079545842698e-01, 1.5359228031788891e-01,
          1.5175575475600342e-01, -2.2597086689055304e-01,
          -9.6224080053548333e-01, -1.8014775431284055e-01, 0., 0., 0.,
          1. ]
   - !!opencv-matrix
      rows: 4
      cols: 4
      dt: d
      data: [ 1.8420984912819560e-01, -9.5001021511404948e-01,
          2.5208594300976939e-01, -7.8510368506881811e-01,
          -9.4872743321348585e-01, -2.3888844633807260e-01,
          -2.0699895573246863e-01, 2.5355634909991703e-01,
          2.5687154173305782e-01, -2.0102960325568747e-01,
          -9.4530635757014925e-01, -2.0371649433376571e-01, 0., 0., 0.,
          1. ]
   - !!opencv-matrix
      rows: 4
      cols: 4
      dt: d
      data: [ 5.2677501851955411e-03, -9.7781127930518508e-01,
          2.0942147184933935e-01, -7.8506407469278128e-01,
          -9.6640662912094044e-01, -5.8793233304634374e-02,
          -2.5020308333169650e-01, 2.5359064001223336e-01,
          2.5696396245210612e-01, -2.0106829133690893e-01,
          -9.4527301041538703e-01, -1.7816241872629857e-01, 0., 0., 0.,
          1. ]
   - !!opencv-matrix
      rows: 4
      cols: 4
      dt: d
      data: [ -2.7396996927524919e-01, -9.4079487686594321e-01,
          1.9961326508555013e-01, -7.8510101035096103e-01,
          -9.2685543071815035e-01, 2.0289072115900142e-01,
          -3.1587080557698399e-01, 2.5350521844302121e-01,
          2.5666995633223472e-01, -2.7155175368679840e-01,
          -9.2756680545717740e-01, -1.7816344179030522e-01, 0., 0., 0.,
          1. ]
   - !!opencv-matrix
      rows: 4
      cols: 4
      dt: d
      data: [ -3.6380098958917528e-01, -9.1242234048803750e-01,
          1.8744149101057711e-01, -7.7029265572720163e-01,
          -9.2947262581327339e-01, 3.4239927557398742e-01,
          -1.3727116940634934e-01, 2.2348757602907981e-02,
          6.1069450936741473e-02, -2.2416112210804942e-01,
          -9.7263678395254261e-01, -1.7820139302370677e-01, 0., 0., 0.,
          1. ]
   - !!opencv-matrix
      rows: 4
      cols: 4
      dt: d
      data: [ -3.8602121416004198e-01, -9.1764355002042008e-01,
          -9.4434831097048116e-02, -6.5273368283327848e-01,
          -9.0600841418284106e-01, 3.9639704310879387e-01,
          -1.4838509913228820e-01, 2.2318833209130803e-02,
          1.7359831695123309e-01, 2.8278955435556925e-02,
          -9.8441044540942024e-01, -1.1852976550712653e-01, 0., 0., 0.,
          1. ]
   - !!opencv-matrix
      rows: 4
      cols: 4
      dt: d
      data: [ -1.0222690831467729e-01, -9.9247858692292135e-01,
          -6.7349192392365184e-02, -6.6871521080248753e-01,
          -9.8872222814346911e-01, 1.0882199699455619e-01,
          -1.0288891361624274e-01, 2.2366333253107763e-02,
          1.0944411720799087e-01, 5.6071628026998097e-02,
          -9.9241017615649507e-01, -1.1857277422984866e-01, 0., 0., 0.,
          1. ]
   - !!opencv-matrix
      rows: 4
      cols: 4
      dt: d
      data: [ 1.1294512675327462e-01, -9.9329522501328671e-01,
          2.4657540601030356e-02, -6.3469584026189796e-01,
          -9.8664482201832415e-01, -1.1505125087036761e-01,
          -1.1530483449358840e-01, 6.3580424031906876e-02,
          1.1736862241296407e-01, -1.1305115610569530e-02,
          -9.9302406860756143e-01, -1.1853118135738376e-01, 0., 0., 0.,
          1. ]
   - !!opencv-matrix
      rows: 4
      cols: 4
      dt: d
      data: [ -1.3359145759182089e-01, -9.8673661846755689e-01,
          -9.2218047223437599e-02, -5.6112243339179679e-01,
          -9.8173701495407506e-01, 1.4448128725556586e-01,
          -1.2376425615676535e-01, 8.9559410934618430e-02,
          1.3544650577831593e-01, 7.4000023028281722e-02,
          -9.8801732811943044e-01, -1.1853818072311942e-01, 0., 0., 0.,
          1. ]
   - !!opencv-matrix
      rows: 4
      cols: 4
      dt: d
      data: [ -1.3017576130847797e-01, -9.6728554406252576e-01,
          -2.1774514326483116e-01, -5.3915971555015285e-01,
          -9.9082696424229411e-01, 1.3494856437903524e-01,
          -7.1282467996778287e-03, 8.9569994482063583e-02,
          3.6279444567934610e-02, 2.1481983432565327e-01,
          -9.7597963128445520e-01, -1.1853197356683845e-01, 0., 0., 0.,
          1. ]
   - !!opencv-matrix
      rows: 4
      cols: 4
      dt: d
      data: [ -2.6658421971453294e-02, -9.9022389021164825e-01,
          -1.3691594425815024e-01, -5.3915374916963521e-01,
          -9.9931384857618410e-01, 2.9921483329553134e-02,
          -2.1829724671053409e-02, 8.9514796288989909e-02,
          2.5713043029690005e-02, 1.3624005317625287e-01,
          -9.9034210620809471e-01, -1.1849515822870126e-01, 0., 0., 0.,
          1. ]
   - !!opencv-matrix
      rows: 4
      cols: 4
      dt: d
      data: [ 2.0285454516310497e-01, -9.7076686526998468e-01,
          -1.2830326106750878e-01, -5.3916630453955539e-01,
          -9.7887090504025387e-01, -1.9759399723122917e-01,
          -5.2615240414343595e-02, 8.9540118595600154e-02,
          2.5725177790327951e-02, 1.3626556994366737e-01,
          -9.9033828042522087e-01, -1.1852188409586469e-01, 0., 0., 0.,
          1. ]
   - !!opencv-matrix
      rows: 4
      cols: 4
      dt: d
      data: [ 2.0280589431160534e-01, -9.7080738105491093e-01,
          -1.2807340911280113e-01, -5.3391748966302455e-01,
          -9.7888231589000596e-01, -1.9756538085693731e-01,
          -5.2510303033515802e-02, 1.6794299372143909e-01,
          2.5674517917350315e-02, 1.3601819428355255e-01,
          -9.9037360119984685e-01, -1.1857752028621463e-01, 0., 0., 0.,
          1. ]
   - !!opencv-matrix
      rows: 4
      cols: 4
      dt: d
      data: [ 2.0290117041852340e-01, -9.7076659672562382e-01,
          -1.2823154730620406e-01, -5.3395307020191796e-01,
          -9.7040885857050951e-01, -1.8184032913654258e-01,
          -1.5887335178498205e-01, 1.8909927396252388e-01,
          1.3091127625485155e-01, 1.5667261847963046e-01,
          -9.7893612067798486e-01, -1.1850880661793682e-01, 0., 0., 0.,
          1. ]
   - !!opencv-matrix
      rows: 4
      cols: 4
      dt: d
      data: [ 2.0273584823090574e-01, -9.7081608203532943e-01,
          -1.2811834647570294e-01, -5.3390070514845123e-01,
          -9.7044775977198905e-01, -1.8170309630126202e-01,
          -1.5879272762964411e-01, 1.8917660754405027e-01,
          1.3087903344548110e-01, 1.5652514065193243e-01,
          -9.7896402331662291e-01, -1.7095222661932849e-01, 0., 0., 0.,
          1. ]
   - !!opencv-matrix
      rows: 4
      cols: 4
      dt: d
      data: [ 2.0683353362197165e-01, -9.6555139189920769e-01,
          -1.5789363182519708e-01, -5.3396432761912982e-01,
          -9.6132164374133866e-01, -1.7056291032210114e-01,
          -2.1626139483714027e-01, 1.8909161491379295e-01,
          1.8188069343363303e-01, 1.9651667416267041e-01,
          -9.6348358062405182e-01, -2.0889958470542996e-01, 0., 0., 0.,
          1. ]
   - !!opencv-matrix
      rows: 4
      cols: 4
      dt: d
      data: [ 2.0671922038083723e-01, -9.6555293715176393e-01,
          -1.5803382385660480e-01, -5.3396840479172836e-01,
          -9.3433390197157817e-01, -1.4688760869247797e-01,
          -3.2472171168428321e-01, 1.8913450542464894e-01,
          2.9032279199488303e-01, 2.1478257836753667e-01,
          -9.3251333528164027e-01, -2.0889702486372688e-01, 0., 0., 0.,
          1. ]
   - !!opencv-matrix
      rows: 4
      cols: 4
      dt: d
      data: [ 3.8230696153981336e-03, -9.7797601162610415e-01,
          -2.0868230596438700e-01, -5.3389119997436685e-01,
          -9.5604169047253962e-01, 5.7613198921855346e-02,
          -2.8751522635923005e-01, 1.8915918422394523e-01,
          2.9320584956157403e-01, 2.0060817529175862e-01,
          -9.3476558012636868e-01, -2.0893348699933198e-01, 0., 0., 0.,
          1. ]
   - !!opencv-matrix
      rows: 4
      cols: 4
      dt: d
      data: [ 3.9544455940683232e-02, -9.4639165345549625e-01,
          -3.2059175640388410e-01, -5.0552388065620901e-01,
          -9.5602799347276146e-01, 5.7474020211228716e-02,
          -2.8758861712036721e-01, 1.8911632460398869e-01,
          2.9059716395863405e-01, 3.1786722899747200e-01,
          -9.0250413463245005e-01, -2.0894462851659573e-01, 0., 0., 0.,
          1. ]
   - !!opencv-matrix
      rows: 4
      cols: 4
      dt: d
      data: [ -1.0539071085951790e-01, -9.9422943723334811e-01,
          2.0015598996417916e-02, -6.3557316330444402e-01,
          -9.5682555627732035e-01, 9.5901933635900827e-02,
          -2.7438599450316636e-01, 1.8911117576309783e-01,
          2.7088309825295837e-01, -4.8069171654555820e-02,
          -9.6141130730677538e-01, -2.0892467871753151e-01, 0., 0., 0.,
          1. ]
   - !!opencv-matrix
      rows: 4
      cols: 4
      dt: d
      data: [ 4.6757667344730081e-03, -9.8736394069290456e-01,
          1.5840008151772944e-01, -6.9792434056210517e-01,
          -9.9524237952341166e-01, -2.0010295030352787e-02,
          -9.5352997296234532e-02, 1.8909331266998247e-01,
          9.7317743531291689e-02, -1.5720062567361737e-01,
          -9.8276000126266894e-01, -1.3612603094283915e-01, 0., 0., 0.,
          1. ]
   - !!opencv-matrix
      rows: 4
      cols: 4
      dt: d
      data: [ 4.6402397237707005e-03, -9.8735485718366900e-01,
          1.5845773622995657e-01, -7.1750327716406448e-01,
          -9.8557135880654112e-01, -3.1326677550542859e-02,
          -1.6633621365737633e-01, 1.8908699078515018e-01,
          1.6919682288841592e-01, -1.5539956650345221e-01,
          -9.7325403151233092e-01, -1.3616334355116885e-01, 0., 0., 0.,
          1. ]
