%YAML 1.0
---
camera_matrix: !!opencv-matrix
   rows: 3
   cols: 3
   dt: d
   data: [ 7.9122254894681271e+02, 0., 3.1553691058330844e+02, 0.,
       7.9360057254645767e+02, 2.4540532841776246e+02, 0., 0., 1. ]
distortion_coefficients: !!opencv-matrix
   rows: 5
   cols: 1
   dt: d
   data: [ -2.2467383285201384e-01, 4.3475742446167720e-01,
       -7.6682514790478809e-04, -1.5949212070554480e-04,
       -1.8511834303121019e-01 ]
nframes: 30
camera poses:
   - !!opencv-matrix
      rows: 4
      cols: 4
      dt: d
      data: [ 1.3372088773169608e-01, -9.8727039709048114e-01,
          8.6115545710695851e-02, 1.3038443789773529e-01,
          9.9034634693021528e-01, 1.2992349921094185e-01,
          -4.8311463181757885e-02, -8.8542489003518410e-02,
          3.6508044404282868e-02, 9.1744467852771405e-02,
          9.9511311684259662e-01, 4.4958011353901178e-01, 0., 0., 0., 1. ]
   - !!opencv-matrix
      rows: 4
      cols: 4
      dt: d
      data: [ 1.8376064398854511e-01, -9.7975245879578399e-01,
          7.9480470585743535e-02, 1.2245134657224864e-01,
          9.8062300767222754e-01, 1.8830685267290093e-01,
          5.4028196900331782e-02, -1.0062734294841492e-01,
          -6.7900976022365250e-02, 6.8012121861050961e-02,
          9.9537119143321007e-01, 4.5016413909793812e-01, 0., 0., 0., 1. ]
   - !!opencv-matrix
      rows: 4
      cols: 4
      dt: d
      data: [ -4.1277611708477865e-02, -9.9590952404407995e-01,
          8.0376480950203347e-02, 1.1473047440041545e-01,
          9.9903457876615087e-01, -4.2349745035760236e-02,
          -1.1679448828840741e-02, -6.9976270670898164e-02,
          1.5035597799340716e-02, 7.9816784035066021e-02,
          9.9669614817411434e-01, 4.5090081774569418e-01, 0., 0., 0., 1. ]
   - !!opencv-matrix
      rows: 4
      cols: 4
      dt: d
      data: [ -2.1695825288808016e-01, -9.7262321211198677e-01,
          8.3265861940611113e-02, 8.4596738347039499e-02,
          9.6578594677978302e-01, -2.2628043290746638e-01,
          -1.2670702697912106e-01, -2.3255603788083005e-02,
          1.4207963086392772e-01, 5.2926864106714863e-02,
          9.8843923715593140e-01, 4.6764291605498193e-01, 0., 0., 0., 1. ]
   - !!opencv-matrix
      rows: 4
      cols: 4
      dt: d
      data: [ -2.2661883266936217e-01, -9.7364044387316118e-01,
          -2.5849385564255152e-02, 6.1823254033010464e-02,
          9.7271172176139031e-01, -2.2488736725030728e-01,
          -5.7075199510971585e-02, -1.9358896012593073e-02,
          4.9757522321428153e-02, -3.8078315426227992e-02,
          9.9803518518473777e-01, 4.6178756934461429e-01, 0., 0., 0., 1. ]
   - !!opencv-matrix
      rows: 4
      cols: 4
      dt: d
      data: [ -2.0870242293165328e-01, -9.4944201397149275e-01,
          2.3452752667482957e-01, 1.3197206611342474e-01,
          9.6808331689914850e-01, -1.6653407987304125e-01,
          1.8729947085451659e-01, -4.1434884621661068e-02,
          -1.3877316096421433e-01, 2.6613203930867679e-01,
          9.5389504005912751e-01, 4.4017868359267864e-01, 0., 0., 0., 1. ]
   - !!opencv-matrix
      rows: 4
      cols: 4
      dt: d
      data: [ -2.1299926289671739e-01, -9.5971164527382069e-01,
          1.8326175796185940e-01, 1.0737655055843470e-01,
          9.6453846090484940e-01, -1.7661588971888911e-01,
          1.9614378637649810e-01, -5.2937695756568731e-02,
          -1.5587453749974434e-01, 2.1854149588721417e-01,
          9.6329784757084314e-01, 4.4733935344242015e-01, 0., 0., 0., 1. ]
   - !!opencv-matrix
      rows: 4
      cols: 4
      dt: d
      data: [ -2.2289470392295266e-01, -9.6445077366512144e-01,
          1.4196005121106473e-01, 8.3018267862887754e-02,
          9.5191678345615049e-01, -1.8393676115889826e-01,
          2.4499327596664922e-01, -2.5433415589458105e-02,
          -2.1017228251507283e-01, 1.8974185903780766e-01,
          9.5907540818815762e-01, 4.4539220937819551e-01, 0., 0., 0., 1. ]
   - !!opencv-matrix
      rows: 4
      cols: 4
      dt: d
      data: [ -2.3157139461132953e-01, -9.6485882925857080e-01,
          -1.2418586392800181e-01, 1.3967964413304298e-01,
          9.4769077307858851e-01, -2.5257071132167813e-01,
          1.9516719602476465e-01, -1.0246670707617022e-02,
          -2.1967450425452495e-01, -7.2494657625522957e-02,
          9.7287596167049317e-01, 4.6418470106018250e-01, 0., 0., 0., 1. ]
   - !!opencv-matrix
      rows: 4
      cols: 4
      dt: d
      data: [ -2.3535453404282311e-01, -9.4407558975762851e-01,
          -2.3093186035987279e-01, 1.7826948104088805e-01,
          9.4703220830348989e-01, -2.7617789714641960e-01,
          1.6387728812619956e-01, -2.1090535408920863e-02,
          -2.1849082301392297e-01, -1.8013064689710023e-01,
          9.5906971086940884e-01, 4.7559437972484769e-01, 0., 0., 0., 1. ]
   - !!opencv-matrix
      rows: 4
      cols: 4
      dt: d
      data: [ -5.6347264961743512e-02, -9.7029123458203981e-01,
          -2.3528685858881218e-01, 1.6595104034048580e-01,
          9.8098322952122197e-01, -9.7644194157670838e-02,
          1.6774240592471559e-01, -6.9944509678078443e-02,
          -1.8573338183924840e-01, -2.2136063661039582e-01,
          9.5734141215660129e-01, 5.0975626488529513e-01, 0., 0., 0., 1. ]
   - !!opencv-matrix
      rows: 4
      cols: 4
      dt: d
      data: [ 2.2358985554714206e-01, -9.4321022506815089e-01,
          -2.4568688980752787e-01, 1.3589077455569540e-01,
          9.5726623824715995e-01, 1.6506404376038791e-01,
          2.3747675795664819e-01, -1.0073312636855114e-01,
          -1.8343643479020152e-01, -2.8828515880002731e-01,
          9.3980994972765808e-01, 5.1844040381969181e-01, 0., 0., 0., 1. ]
   - !!opencv-matrix
      rows: 4
      cols: 4
      dt: d
      data: [ 3.2142337788301012e-01, -9.4506664780972827e-01,
          -5.9464639475562873e-02, 3.6486979428839134e-02,
          9.3292928143535003e-01, 3.0528337705611625e-01,
          1.9090577658555694e-01, -7.6085722058560359e-02,
          -1.6226511637070093e-01, -1.1683788294425798e-01,
          9.7980556291455434e-01, 4.6031633570523883e-01, 0., 0., 0., 1. ]
   - !!opencv-matrix
      rows: 4
      cols: 4
      dt: d
      data: [ 3.4321962841894454e-01, -9.2389379931414595e-01,
          -1.6917604516252976e-01, 4.8689438417028313e-03,
          9.3116925407760232e-01, 3.5828332205296837e-01,
          -6.7504676869462987e-02, -1.2445440514605553e-01,
          1.2298010785701607e-01, -1.3436260167011360e-01,
          9.8327136861800013e-01, 5.2311358810771025e-01, 0., 0., 0., 1. ]
   - !!opencv-matrix
      rows: 4
      cols: 4
      dt: d
      data: [ 5.9060756582433101e-02, -9.9361103322245770e-01,
          -9.6171418261926475e-02, 3.2903651108000510e-02,
          9.9247394797397792e-01, 6.8798248900469011e-02,
          -1.0130283086456572e-01, -1.3719773012729439e-01,
          1.0727203561439617e-01, -8.9464605329867372e-02,
          9.9019634152440428e-01, 5.2231341719269009e-01, 0., 0., 0., 1. ]
   - !!opencv-matrix
      rows: 4
      cols: 4
      dt: d
      data: [ -1.5768298506759609e-01, -9.8352371839005659e-01,
          -8.8414770170876039e-02, 5.2339632689420677e-02,
          9.8744502364950815e-01, -1.5619007195175325e-01,
          -2.3600565534082865e-02, -4.1798485912192838e-02,
          9.4022066556025338e-03, -9.1026132445044122e-02,
          9.9580411814879666e-01, 5.2315257613193333e-01, 0., 0., 0., 1. ]
   - !!opencv-matrix
      rows: 4
      cols: 4
      dt: d
      data: [ 9.1928817282052225e-02, -9.8986719343403795e-01,
          -1.0822214152447721e-01, 9.6363926486876250e-02,
          9.8820221281973231e-01, 1.0406002681659907e-01,
          -1.1237391777949789e-01, -5.3191232614407974e-02,
          1.2249685355676579e-01, -9.6614958375758772e-02,
