%YAML 1.0
---
hand_to_eye: !!opencv-matrix
   rows: 4
   cols: 4
   dt: d
   data: [ 8.7681674005700250e-01, 4.0613276142005150e-01,
       -2.5738800371644266e-01, -1.5210904427281275e+02,
       3.8545777627355937e-01, -9.1371302126832143e-01,
       -1.2864998047010068e-01, 1.1144588753523674e+02,
       -2.8742774233893181e-01, 1.3590248932159543e-02,
       -9.5770590374493780e-01, 2.6028201127748582e+02, 0., 0., 0., 1. ]
principal_point: 5.0628914700711027e+02
focal_length: 1.4737091155548599e+03
