%YAML 1.0
---
camera_matrix: !!opencv-matrix
   rows: 3
   cols: 3
   dt: d
   data: [ 7.9857654354724491e+02, 0., 3.2212300874646058e+02, 0.,
       8.0288835295123329e+02, 2.2718428411293050e+02, 0., 0., 1. ]
distortion_coefficients: !!opencv-matrix
   rows: 5
   cols: 1
   dt: d
   data: [ -1.2112945146859301e-01, 1.3839838829840140e-01,
       -6.8868897897966157e-04, -8.3928058383906799e-05,
       1.1961926108260099e-01 ]
nframes: 30
camera poses:
   - !!opencv-matrix
      rows: 4
      cols: 4
      dt: d
      data: [ 1.1293764905505765e-01, 9.5251213360684805e-01,
          -2.8278211180632806e-01, -9.5663296532227965e-02,
          -9.6321738790626932e-01, 1.7480042013190211e-01,
          2.0410065349413803e-01, 6.1098647263519788e-02,
          2.4383878087978603e-01, 2.4932999910448106e-01,
          9.3721779778534897e-01, 4.1984433583170916e-01, 0., 0., 0., 1. ]
   - !!opencv-matrix
      rows: 4
      cols: 4
      dt: d
      data: [ -9.6792242871283130e-02, 9.6776150573053721e-01,
          -2.3252726667234044e-01, -6.3676978477162735e-02,
          -9.6387565886071969e-01, -3.2896143329797012e-02,
          2.6431337084952583e-01, 1.0725911972254018e-01,
          2.4814305546551177e-01, 2.4971085635227927e-01,
          9.3598585045076999e-01, 4.1967569930340604e-01, 0., 0., 0., 1. ]
   - !!opencv-matrix
      rows: 4
      cols: 4
      dt: d
      data: [ -1.1029514229490325e-01, 9.7898969785284717e-01,
          -1.7150554826051059e-01, -2.6296696097711552e-02,
          -9.8392411298889937e-01, -8.3164417692827883e-02,
          1.5804119560678098e-01, 4.6800336470422678e-02,
          1.4045754328321067e-01, 1.8617962060280430e-01,
          9.7242420136843644e-01, 4.4530421432073486e-01, 0., 0., 0., 1. ]
   - !!opencv-matrix
      rows: 4
      cols: 4
      dt: d
      data: [ 1.3771002607750105e-02, 9.7182687895569020e-01,
          -2.3529317207777106e-01, -7.4620613850725007e-02,
          -9.7023362805373548e-01, 6.9886858518884820e-02,
          2.3186749233138945e-01, 7.4903804509274474e-02,
          2.4177896203115545e-01, 2.2509630015973972e-01,
          9.4386153072022883e-01, 3.0699450890943009e-01, 0., 0., 0., 1. ]
   - !!opencv-matrix
      rows: 4
      cols: 4
      dt: d
      data: [ 1.4019903477262724e-01, 9.5457200040015389e-01,
          -2.6293825644221547e-01, -9.0773681686754232e-02,
          -9.6064898546238187e-01, 1.9545468552897610e-01,
          1.9736005835747422e-01, 4.6630196354237229e-02,
          2.3978689993183575e-01, 2.2492167960607462e-01,
          9.4441118198815421e-01, 3.0702733484068090e-01, 0., 0., 0., 1. ]
   - !!opencv-matrix
      rows: 4
      cols: 4
      dt: d
      data: [ -6.7099181236045927e-02, 9.9158653440460875e-01,
          -1.1069708516898610e-01, -8.0424694265551794e-02,
          -9.7339261232793028e-01, -4.0693888959837617e-02,
          2.2550128528842525e-01, 8.6725591977366956e-02,
          2.1909934309089021e-01, 1.2288267652025611e-01,
          9.6793353370381674e-01, 3.1743486419181283e-01, 0., 0., 0., 1. ]
   - !!opencv-matrix
      rows: 4
      cols: 4
      dt: d
      data: [ 7.3381366257596337e-02, 9.8730054713021675e-01,
          -1.4089998127233036e-01, -9.9697041901642178e-02,
          -9.7324958530209926e-01, 1.0173547068346760e-01,
          2.0599790948964794e-01, 5.4509672090817210e-02,
          2.1771637466084257e-01, 1.2201444029781008e-01,
          9.6835533589863165e-01, 3.1744763669679005e-01, 0., 0., 0., 1. ]
   - !!opencv-matrix
      rows: 4
      cols: 4
      dt: d
      data: [ 9.3950945903884073e-02, 9.7379308996106828e-01,
          -2.0712372560341796e-01, -1.1499177113067299e-01,
          -9.9552136329930141e-01, 9.4086137361084413e-02,
          -9.2203021193152934e-03, 5.6466217134463363e-02,
          1.0508804806720132e-02, 2.0706234978997434e-01,
          9.7827130609099866e-01, 3.7607783198576078e-01, 0., 0., 0., 1. ]
   - !!opencv-matrix
      rows: 4
      cols: 4
      dt: d
      data: [ 1.6003350153354540e-01, 9.6527462831186295e-01,
          -2.0648043569381436e-01, -1.2234941283398605e-01,
          -9.8707005757169197e-01, 1.5840531363291621e-01,
          -2.4504245719345855e-02, 3.9656938026053197e-02,
          9.0542714963357390e-03, 2.0773215579262666e-01,
          9.7814383994247911e-01, 3.7600775078804149e-01, 0., 0., 0., 1. ]
   - !!opencv-matrix
      rows: 4
      cols: 4
      dt: d
      data: [ -4.9607589694135833e-02, 9.8358838392649417e-01,
          -1.7347327762397796e-01, -7.5704151148611537e-02,
          -9.9876856650847678e-01, -4.8738549604595845e-02,
          9.2684592593689080e-03, 8.1971744096637336e-02,
          6.6151291786317734e-04, 1.7371944274406309e-01,
          9.8479496221972573e-01, 3.8544672735823649e-01, 0., 0., 0., 1. ]
   - !!opencv-matrix
      rows: 4
      cols: 4
      dt: d
      data: [ -4.5590856713436247e-02, 9.8041387259509860e-01,
          -1.9159883143489348e-01, -8.7774415866132244e-02,
          -9.9818980208953278e-01, -5.2241025690544035e-02,
          -2.9799232192442973e-02, 5.7103232760077671e-02,
          -3.9224900109422020e-02, 1.8989342710552598e-01,
          9.8102084256835442e-01, 3.9142418134163942e-01, 0., 0., 0., 1. ]
   - !!opencv-matrix
      rows: 4
      cols: 4
      dt: d
      data: [ -4.7686411593087868e-02, 9.8879179648371152e-01,
          -1.4148070312197625e-01, -4.9650875956083550e-02,
          -9.9698566400729949e-01, -5.5795474008314222e-02,
          -5.3911509384465171e-02, 5.2933947386989054e-02,
          -6.1201241109134025e-02, 1.3848338632017090e-01,
          9.8847193172087566e-01, 3.7047856362172216e-01, 0., 0., 0., 1. ]
   - !!opencv-matrix
      rows: 4
      cols: 4
      dt: d
      data: [ -4.4739145402053981e-02, 9.7023842754639478e-01,
          -2.3798277790838795e-01, -1.0802778029272769e-01,
          -9.9880891793265436e-01, -4.8086158267711940e-02,
          -8.2744692429496808e-03, 7.9563291633723887e-02,
          -1.9471885550552917e-02, 2.3732912820669905e-01,
          9.7123412758085970e-01, 3.4371294198052110e-01, 0., 0., 0., 1. ]
   - !!opencv-matrix
      rows: 4
      cols: 4
      dt: d
      data: [ 7.2702274429824562e-02, 9.8009428349795258e-01,
          -1.8474191388898648e-01, -9.1586282461069632e-02,
          -9.9708070419087214e-01, 7.5758158992171032e-02,
          9.5273646068537027e-03, 7.8825579882452118e-02,
          2.3333422872897816e-02, 1.8350993651775954e-01,
          9.8274088882893373e-01, 3.4288689613140799e-01, 0., 0., 0., 1. ]
   - !!opencv-matrix
      rows: 4
      cols: 4
      dt: d
      data: [ 1.7350907113744793e-01, 9.6792769574694337e-01,
          -1.8168813400723902e-01, -1.0010073518610095e-01,
          -9.8439919964406353e-01, 1.7592635087647307e-01,
          -2.8521583783514270e-03, 5.8834775084505964e-02,
          2.9203047326386178e-02, 1.7934852905251408e-01,
          9.8335206673579123e-01, 3.4279237245221528e-01, 0., 0., 0., 1. ]
   - !!opencv-matrix
      rows: 4
      cols: 4
      dt: d
      data: [ 1.7985404326981291e-01, 9.6964801331046702e-01,
          -1.6563590613923268e-01, -9.3103450315806024e-02,
          -9.8358472358696347e-01, 1.7976828393851299e-01,
          -1.5635076467953396e-02, 5.1844350565179650e-02,
          1.4615561770142241e-02, 1.6572897867562753e-01,
          9.8606302586664130e-01, 3.4784648007139563e-01, 0., 0., 0., 1. ]
   - !!opencv-matrix
      rows: 4
      cols: 4
      dt: d
      data: [ 1.8610466146892396e-01, 9.6644040504923301e-01,
          -1.7708189762878582e-01, -8.1043474232255136e-02,
          -9.8138332572997444e-01, 1.7413884202218721e-01,
          -8.1008837038601608e-02, 5.0936804679943430e-02,
          -4.7453376683985166e-02, 1.8886134381457287e-01,
