%YAML 1.0
---
camera_matrix: !!opencv-matrix
   rows: 3
   cols: 3
   dt: d
   data: [ 7.9857654354724491e+02, 0., 3.2212300874646058e+02, 0.,
       8.0288835295123329e+02, 2.2718428411293050e+02, 0., 0., 1. ]
distortion_coefficients: !!opencv-matrix
   rows: 5
   cols: 1
   dt: d
   data: [ -1.2112945146859301e-01, 1.3839838829840140e-01,
       -6.8868897897966157e-04, -8.3928058383906799e-05,
       1.1961926108260099e-01 ]
nframes: 30
camera poses:
   - !!opencv-matrix
      rows: 4
      cols: 4
      dt: d
      data: [ 1.1293764905505765e-01, 9.5251213360684805e-01,
          -2.8278211180632806e-01, -9.5663296532227965e-02,
          -9.6321738790626932e-01, 1.7480042013190211e-01,
          2.0410065349413803e-01, 6.1098647263519788e-02,
          2.4383878087978603e-01, 2.4932999910448106e-01,
          9.3721779778534897e-01, 4.1984433583170916e-01, 0., 0., 0., 1. ]
   - !!opencv-matrix
      rows: 4
      cols: 4
      dt: d
      data: [ -9.6792242871283130e-02, 9.6776150573053721e-01,
          -2.3252726667234044e-01, -6.3676978477162735e-02,
          -9.6387565886071969e-01, -3.2896143329797012e-02,
          2.6431337084952583e-01, 1.0725911972254018e-01,
          2.4814305546551177e-01, 2.4971085635227927e-01,
          9.3598585045076999e-01, 4.1967569930340604e-01, 0., 0., 0., 1. ]
   - !!opencv-matrix
      rows: 4
      cols: 4
      dt: d
      data: [ -1.1029514229490325e-01, 9.7898969785284717e-01,
          -1.7150554826051059e-01, -2.6296696097711552e-02,
          -9.8392411298889937e-01, -8.3164417692827883e-02,
          1.5804119560678098e-01, 4.6800336470422678e-02,
          1.4045754328321067e-01, 1.8617962060280430e-01,
          9.7242420136843644e-01, 4.4530421432073486e-01, 0., 0., 0., 1. ]
   - !!opencv-matrix
      rows: 4
      cols: 4
      dt: d
      data: [ 1.3771002607750105e-02, 9.7182687895569020e-01,
          -2.3529317207777106e-01, -7.4620613850725007e-02,
          -9.7023362805373548e-01, 6.9886858518884820e-02,
          2.3186749233138945e-01, 7.4903804509274474e-02,
          2.4177896203115545e-01, 2.2509630015973972e-01,
          9.4386153072022883e-01, 3.0699450890943009e-01, 0., 0., 0., 1. ]
   - !!opencv-matrix
      rows: 4
      cols: 4
      dt: d
      data: [ 1.4019903477262724e-01, 9.5457200040015389e-01,
          -2.6293825644221547e-01, -9.0773681686754232e-02,
          -9.6064898546238187e-01, 1.9545468552897610e-01,
          1.9736005835747422e-01, 4.6630196354237229e-02,
          2.3978689993183575e-01, 2.2492167960607462e-01,
          9.4441118198815421e-01, 3.0702733484068090e-01, 0., 0., 0., 1. ]
   - !!opencv-matrix
      rows: 4
      cols: 4
      dt: d
      data: [ -6.7099181236045927e-02, 9.9158653440460875e-01,
          -1.1069708516898610e-01, -8.0424694265551794e-02,
          -9.7339261232793028e-01, -4.0693888959837617e-02,
          2.2550128528842525e-01, 8.6725591977366956e-02,
          2.1909934309089021e-01, 1.2288267652025611e-01,
          9.6793353370381674e-01, 3.1743486419181283e-01, 0., 0., 0., 1. ]
   - !!opencv-matrix
      rows: 4
      cols: 4
      dt: d
      data: [ 7.3381366257596337e-02, 9.8730054713021675e-01,
          -1.4089998127233036e-01, -9.9697041901642178e-02,
          -9.7324958530209926e-01, 1.0173547068346760e-01,
          2.0599790948964794e-01, 5.4509672090817210e-02,
          2.1771637466084257e-01, 1.2201444029781008e-01,
          9.6835533589863165e-01, 3.1744763669679005e-01, 0., 0., 0., 1. ]
   - !!opencv-matrix
      rows: 4
      cols: 4
      dt: d
      data: [ 9.3950945903884073e-02, 9.7379308996106828e-01,
          -2.0712372560341796e-01, -1.1499177113067299e-01,
          -9.9552136329930141e-01, 9.4086137361084413e-02,
          -9.2203021193152934e-03, 5.6466217134463363e-02,
          1.0508804806720132e-02, 2.0706234978997434e-01,
          9.7827130609099866e-01, 3.7607783198576078e-01, 0., 0., 0., 1. ]
   - !!opencv-matrix
      rows: 4
      cols: 4
      dt: d
      data: [ 1.6003350153354540e-01, 9.6527462831186295e-01,
          -2.0648043569381436e-01, -1.2234941283398605e-01,
          -9.8707005757169197e-01, 1.5840531363291621e-01,
          -2.4504245719345855e-02, 3.9656938026053197e-02,
          9.0542714963357390e-03, 2.0773215579262666e-01,
          9.7814383994247911e-01, 3.7600775078804149e-01, 0., 0., 0., 1. ]
   - !!opencv-matrix
      rows: 4
      cols: 4
      dt: d
      data: [ -4.9607589694135833e-02, 9.8358838392649417e-01,
          -1.7347327762397796e-01, -7.5704151148611537e-02,
          -9.9876856650847678e-01, -4.8738549604595845e-02,
          9.2684592593689080e-03, 8.1971744096637336e-02,
          6.6151291786317734e-04, 1.7371944274406309e-01,
          9.8479496221972573e-01, 3.8544672735823649e-01, 0., 0., 0., 1. ]
   - !!opencv-matrix
      rows: 4
      cols: 4
      dt: d
      data: [ -4.5590856713436247e-02, 9.8041387259509860e-01,
          -1.9159883143489348e-01, -8.7774415866132244e-02,
          -9.9818980208953278e-01, -5.2241025690544035e-02,
          -2.9799232192442973e-02, 5.7103232760077671e-02,
          -3.9224900109422020e-02, 1.8989342710552598e-01,
          9.8102084256835442e-01, 3.9142418134163942e-01, 0., 0., 0., 1. ]
   - !!opencv-matrix
      rows: 4
      cols: 4
      dt: d
      data: [ -4.7686411593087868e-02, 9.8879179648371152e-01,
          -1.4148070312197625e-01, -4.9650875956083550e-02,
          -9.9698566400729949e-01, -5.5795474008314222e-02,
          -5.3911509384465171e-02, 5.2933947386989054e-02,
          -6.1201241109134025e-02, 1.3848338632017090e-01,
          9.8847193172087566e-01, 3.7047856362172216e-01, 0., 0., 0., 1. ]
   - !!opencv-matrix
      rows: 4
      cols: 4
      dt: d
      data: [ -4.4739145402053981e-02, 9.7023842754639478e-01,
          -2.3798277790838795e-01, -1.0802778029272769e-01,
          -9.9880891793265436e-01, -4.8086158267711940e-02,
          -8.2744692429496808e-03, 7.9563291633723887e-02,
          -1.9471885550552917e-02, 2.3732912820669905e-01,
          9.7123412758085970e-01, 3.4371294198052110e-01, 0., 0., 0., 1. ]
   - !!opencv-matrix
      rows: 4
      cols: 4
      dt: d
      data: [ 7.2702274429824562e-02, 9.8009428349795258e-01,
          -1.8474191388898648e-01, -9.1586282461069632e-02,
          -9.9708070419087214e-01, 7.5758158992171032e-02,
          9.5273646068537027e-03, 7.8825579882452118e-02,
          2.3333422872897816e-02, 1.8350993651775954e-01,
          9.8274088882893373e-01, 3.4288689613140799e-01, 0., 0., 0., 1. ]
   - !!opencv-matrix
      rows: 4
      cols: 4
      dt: d
      data: [ 1.7350907113744793e-01, 9.6792769574694337e-01,
          -1.8168813400723902e-01, -1.0010073518610095e-01,
          -9.8439919964406353e-01, 1.7592635087647307e-01,
          -2.8521583783514270e-03, 5.8834775084505964e-02,
          2.9203047326386178e-02, 1.7934852905251408e-01,
          9.8335206673579123e-01, 3.4279237245221528e-01, 0., 0., 0., 1. ]
   - !!opencv-matrix
      rows: 4
      cols: 4
      dt: d
      data: [ 1.7985404326981291e-01, 9.6964801331046702e-01,
          -1.6563590613923268e-01, -9.3103450315806024e-02,
          -9.8358472358696347e-01, 1.7976828393851299e-01,
          -1.5635076467953396e-02, 5.1844350565179650e-02,
          1.4615561770142241e-02, 1.6572897867562753e-01,
          9.8606302586664130e-01, 3.4784648007139563e-01, 0., 0., 0., 1. ]
   - !!opencv-matrix
      rows: 4
      cols: 4
      dt: d
      data: [ 1.8610466146892396e-01, 9.6644040504923301e-01,
          -1.7708189762878582e-01, -8.1043474232255136e-02,
          -9.8138332572997444e-01, 1.7413884202218721e-01,
          -8.1008837038601608e-02, 5.0936804679943430e-02,
          -4.7453376683985166e-02, 1.8886134381457287e-01,
          9.8085654907016928e-01, 3.7468105120663875e-01, 0., 0., 0., 1. ]
   - !!opencv-matrix
      rows: 4
      cols: 4
      dt: d
      data: [ 1.4370223995342318e-01, 9.7549891487205453e-01,
          -1.6658791467514455e-01, -6.9197474240699205e-02,
          -9.8809639780654135e-01, 1.3209303739249617e-01,
          -7.8847562512496888e-02, 5.6623911522423409e-02,
          -5.4910608028925362e-02, 1.7593548975652715e-01,
          9.8286902920481989e-01, 3.7821913404617502e-01, 0., 0., 0., 1. ]
   - !!opencv-matrix
      rows: 4
      cols: 4
      dt: d
      data: [ 1.2526023550199511e-01, 9.7111583803734525e-01,
          -2.0308594859076107e-01, -8.5113295655498855e-02,
          -9.9212028718575662e-01, 1.2205344378720470e-01,
          -2.8289443510524495e-02, 8.4713157705147549e-02,
          -2.6849872320395263e-03, 2.0502923199560641e-01,
          9.7875216723686265e-01, 3.6458848429371948e-01, 0., 0., 0., 1. ]
   - !!opencv-matrix
      rows: 4
      cols: 4
      dt: d
      data: [ 1.3521462151051694e-01, 9.6653136037913645e-01,
          -2.1802324539696161e-01, -8.7483259150182291e-02,
          -9.8833383690142196e-01, 1.1600319548914859e-01,
          -9.8688831546532588e-02, 6.9494206835765987e-02,
          -7.0094457451935266e-02, 2.2882392366175891e-01,
          9.7094097606113861e-01, 3.9034718907612204e-01, 0., 0., 0., 1. ]
   - !!opencv-matrix
      rows: 4
      cols: 4
      dt: d
      data: [ 2.5592262801739984e-01, 9.4455519544582800e-01,
          -2.0571604513251115e-01, -1.0197314664429957e-01,
          -9.6395242419487515e-01, 2.3332574080216337e-01,
          -1.2788597486802519e-01, 4.1331525992181324e-02,
          -7.2796513360813359e-02, 2.3102939517605861e-01,
          9.7021960720606637e-01, 3.9003731596748531e-01, 0., 0., 0., 1. ]
   - !!opencv-matrix
      rows: 4
      cols: 4
      dt: d
      data: [ 2.5088548492277429e-01, 9.5772988079139720e-01,
          -1.4074782021175322e-01, -6.0298393280945287e-02,
          -9.6320510401812331e-01, 2.3250652759777232e-01,
          -1.3482077813846896e-01, 3.7350374124372414e-02,
          -9.6397100830369023e-02, 1.6939359510832144e-01,
          9.8082282237302032e-01, 4.0505153189731047e-01, 0., 0., 0., 1. ]
   - !!opencv-matrix
      rows: 4
      cols: 4
      dt: d
      data: [ 1.1382234269384876e-01, 9.4948250413024970e-01,
          -2.9245076278620696e-01, -1.2991457682384827e-01,
          -9.9260853015069350e-01, 9.6206452038883214e-02,
          -7.3977188769037208e-02, 8.6377954766592421e-02,
          -4.2104396157215562e-02, 2.9870937872226294e-01,
          9.5341487658185597e-01, 3.6967380627338764e-01, 0., 0., 0., 1. ]
   - !!opencv-matrix
      rows: 4
      cols: 4
      dt: d
      data: [ 4.5179952165210972e-02, 9.6036249382728367e-01,
          -2.7506845033952854e-01, -1.0621739595872369e-01,
          -9.9840620628297105e-01, 3.4086632912656241e-02,
          -4.4979425433447157e-02, 1.0875510499521775e-01,
          -3.3820395887606908e-02, 2.7666221626112630e-01,
          9.6037190656301852e-01, 3.7223754701858836e-01, 0., 0., 0., 1. ]
   - !!opencv-matrix
      rows: 4
      cols: 4
      dt: d
      data: [ 1.4549955959376751e-01, 9.6711563362812147e-01,
          -2.0860783626243837e-01, -8.4121661228570233e-02,
          -9.8580095013517521e-01, 1.2385263508817268e-01,
          -1.1338876264560528e-01, 6.1946870047752324e-02,
          -8.3823414811168145e-02, 2.2214381822097268e-01,
          9.7140401438104107e-01, 3.9203123084604768e-01, 0., 0., 0., 1. ]
   - !!opencv-matrix
      rows: 4
      cols: 4
      dt: d
      data: [ 1.5489180445243320e-01, 9.6363756082400998e-01,
          -2.1774108542629683e-01, -7.8558758594056380e-02,
          -9.7755973176471023e-01, 1.1764399575862325e-01,
          -1.7474799310450817e-01, 9.7334376634157463e-02,
          -1.4277779850374983e-01, 2.3992194903988617e-01,
          9.6023536626356620e-01, 3.6580183229634666e-01, 0., 0., 0., 1. ]
   - !!opencv-matrix
      rows: 4
      cols: 4
      dt: d
      data: [ 6.7519557302473165e-02, 9.7677987059718430e-01,
          -2.0332779883190183e-01, -4.9853959747309863e-02,
          -9.6022667505719916e-01, 8.2777189307241938e-03,
          -2.7909892847859546e-01, 4.7409176321553496e-02,
          -2.7093512487360194e-01, 2.1408541231352549e-01,
          9.3848899532401231e-01, 3.8936043669318510e-01, 0., 0., 0., 1. ]
   - !!opencv-matrix
      rows: 4
      cols: 4
      dt: d
      data: [ 1.3937347296675587e-01, 8.9611651715559892e-01,
          -4.2136708783921945e-01, -6.1755378484424465e-02,
          -9.6128715212285987e-01, 2.0294426528400866e-02,
          -2.7480019544280809e-01, 4.7646672049785128e-02,
          -2.3770159064824775e-01, 4.4335462547807347e-01,
          8.6425379945389336e-01, 3.9847228768562060e-01, 0., 0., 0., 1. ]
   - !!opencv-matrix
      rows: 4
      cols: 4
      dt: d
      data: [ 7.7725141597682984e-02, 8.7275007597442056e-01,
          -4.8193994153863540e-01, -7.9101868157516853e-02,
          -9.8474239043147949e-01, -8.2865254524121940e-03,
          -1.7382105161119668e-01, 1.0239971310975696e-01,
          -1.5569594359171959e-01, 4.8809695592430169e-01,
          8.5878992470016491e-01, 3.7831727388897518e-01, 0., 0., 0., 1. ]
   - !!opencv-matrix
      rows: 4
      cols: 4
      dt: d
      data: [ 2.6633443611617694e-02, 8.8243022775457070e-01,
          -4.6968878294718058e-01, -5.9173591642345834e-02,
          -9.8273274290979440e-01, -6.2950134205906519e-02,
          -1.7399320853542180e-01, 9.8233863772555038e-02,
          -1.8310383855719475e-01, 4.6621258428797829e-01,
          8.6551649929804697e-01, 3.8737312189734935e-01, 0., 0., 0., 1. ]
TCP poses:
   - !!opencv-matrix
      rows: 4
      cols: 4
      dt: d
      data: [ 6.1114156758762861e-01, -7.7710629260986619e-01,
          1.5037218610063660e-01, -6.3849521081101346e-01,
          -7.4491234053875321e-01, -6.2890913731953790e-01,
          -2.2266320286268937e-01, -3.9138916451401129e-01,
          2.6760341791466746e-01, 2.4064641741431969e-02,
          -9.6322858332705441e-01, 7.5188127821515227e-01, 0., 0., 0.,
          1. ]
   - !!opencv-matrix
      rows: 4
      cols: 4
      dt: d
      data: [ 4.2962591433310826e-01, -8.9039563559414137e-01,
          1.5039011220271828e-01, -6.3849882783370848e-01,
          -8.6275355702467160e-01, -4.5391225780866962e-01,
          -2.2275538613535889e-01, -3.9139069069680393e-01,
          2.6660433900204628e-01, -3.4048117803206532e-02,
          -9.6320447055614367e-01, 7.5192224832983512e-01, 0., 0., 0.,
          1. ]
   - !!opencv-matrix
      rows: 4
      cols: 4
      dt: d
      data: [ 4.1154531332200939e-01, -9.1118026757855142e-01,
          1.9518582381106764e-02, -6.3848471338851231e-01,
          -8.8691130769831394e-01, -4.0533036282097479e-01,
          -2.2157533538795182e-01, -3.9129754487815854e-01,
          2.0980654746588634e-01, 7.3877039402619346e-02,
          -9.7494789383307490e-01, 7.5192856904770000e-01, 0., 0., 0.,
          1. ]
   - !!opencv-matrix
      rows: 4
      cols: 4
      dt: d
      data: [ 5.2697064741632293e-01, -8.3914800982729720e-01,
          1.3465717346100692e-01, -6.2568105640674943e-01,
          -8.1420785700693599e-01, -5.4389681595024297e-01,
          -2.0308081934875194e-01, -4.2730291440897855e-01,
          2.4365447328090328e-01, -2.6212977842485635e-03,
          -9.6985856002209514e-01, 6.3839864644816835e-01, 0., 0., 0.,
          1. ]
   - !!opencv-matrix
      rows: 4
      cols: 4
      dt: d
      data: [ 6.3221918731983440e-01, -7.6300794668665317e-01,
          1.3460227515783676e-01, -6.2569585363465119e-01,
          -7.3608108078303414e-01, -6.4572539173533139e-01,
          -2.0303536879453568e-01, -4.2728351509651702e-01,
          2.4183370670344703e-01, 2.9284667682428350e-02,
          -9.6987569643784810e-01, 6.3839707670451395e-01, 0., 0., 0.,
          1. ]
   - !!opencv-matrix
      rows: 4
      cols: 4
      dt: d
      data: [ 4.4347559368636247e-01, -8.9439391633192000e-01,
          5.8214433201558544e-02, -5.8990817074753465e-01,
          -8.8516813416880902e-01, -4.4724822126281227e-01,
          -1.2824352938592920e-01, -4.8648727263312647e-01,
          1.4073653419292875e-01, 5.3433141121410760e-03,
          -9.9003266458115491e-01, 6.3651013540886570e-01, 0., 0., 0.,
          1. ]
   - !!opencv-matrix
      rows: 4
      cols: 4
      dt: d
      data: [ 5.6710284187629800e-01, -8.2158567804606075e-01,
          5.8235215852789617e-02, -5.8990787978094339e-01,
          -8.1190456530238897e-01, -5.6951520510609721e-01,
          -1.2830981254019008e-01, -4.8646717196458056e-01,
          1.3858334523659432e-01, 2.5483421719906925e-02,
          -9.9002285410008606e-01, 6.3649613666035054e-01, 0., 0., 0.,
          1. ]
   - !!opencv-matrix
      rows: 4
      cols: 4
      dt: d
      data: [ 5.9082377803446884e-01, -8.0306563041002355e-01,
          -7.7542611274236381e-02, -5.1156557978538109e-01,
          -7.8194977867585058e-01, -5.4630402319964166e-01,
          -3.0017737733658983e-01, -3.9965515616150027e-01,
          1.9870029425711483e-01, 2.3798635988231914e-01,
          -9.5072639890354327e-01, 6.6572874822603068e-01, 0., 0., 0.,
          1. ]
   - !!opencv-matrix
      rows: 4
      cols: 4
      dt: d
      data: [ 6.4268705902288137e-01, -7.6219372431836530e-01,
          -7.7550440193581843e-02, -5.1155212703359276e-01,
          -7.4406444654331694e-01, -5.9685375288441866e-01,
          -3.0022274573718194e-01, -3.9967628703686991e-01,
          1.8254162143113042e-01, 2.5065179887143191e-01,
          -9.5071143475179098e-01, 6.6574222113635484e-01, 0., 0., 0.,
          1. ]
   - !!opencv-matrix
      rows: 4
      cols: 4
      dt: d
      data: [ 4.6644776842198921e-01, -8.7815141099845617e-01,
          -1.0619123643487013e-01, -5.1417576768567463e-01,
          -8.6167755652979994e-01, -4.2397774355945061e-01,
          -2.7884522864677108e-01, -3.9770225652437136e-01,
          1.9984561017690486e-01, 2.2156933977348292e-01,
          -9.5444683443624212e-01, 6.6539670797197581e-01, 0., 0., 0.,
          1. ]
   - !!opencv-matrix
      rows: 4
      cols: 4
      dt: d
      data: [ 4.7213752132678721e-01, -8.7154936123913762e-01,
          -1.3224171761985032e-01, -5.1561062285192250e-01,
          -8.5448216423094769e-01, -4.1560241649835927e-01,
          -3.1166466339949378e-01, -3.9950929976964145e-01,
          2.1667116090193628e-01, 2.6014677073601206e-01,
          -9.4094487920867709e-01, 6.7156196541840651e-01, 0., 0., 0.,
          1. ]
   - !!opencv-matrix
      rows: 4
      cols: 4
      dt: d
      data: [ 4.6416336330816144e-01, -8.6782689184387207e-01,
          -1.7728186019742695e-01, -5.1978524239457424e-01,
          -8.6965914711425052e-01, -4.0853332662341935e-01,
          -2.7711638146908057e-01, -3.9633893719148722e-01,
          1.6806349991289019e-01, 2.8280206298859800e-01,
          -9.4433979751275077e-01, 6.3475444831634387e-01, 0., 0., 0.,
          1. ]
   - !!opencv-matrix
      rows: 4
      cols: 4
      dt: d
      data: [ 4.7749537823175925e-01, -8.7414934529005217e-01,
          -8.8662764993442431e-02, -5.1164980502979873e-01,
          -8.3845448555742563e-01, -4.2316721656879830e-01,
          -3.4340003271701713e-01, -4.0244945583441999e-01,
          2.6266373829659445e-01, 2.3831162151768628e-01,
          -9.3499482973633019e-01, 6.3560039197302165e-01, 0., 0., 0.,
          1. ]
   - !!opencv-matrix
      rows: 4
      cols: 4
      dt: d
      data: [ 5.7125759218178640e-01, -8.1698882559276831e-01,
          -7.8702110716404761e-02, -5.1214261726435550e-01,
          -8.0045575009573733e-01, -5.3334928647756275e-01,
          -2.7351257878303370e-01, -3.9774518570463191e-01,
          1.8148100592992761e-01, 2.1924369425464449e-01,
          -9.5864323239474114e-01, 6.2614461500591689e-01, 0., 0., 0.,
          1. ]
   - !!opencv-matrix
      rows: 4
      cols: 4
      dt: d
      data: [ 6.5058951881096383e-01, -7.5573264463054268e-01,
          -7.4842820985342590e-02, -5.1431137834589336e-01,
          -7.4357011976593690e-01, -6.1386662803340897e-01,
          -2.6508723088478359e-01, -3.9611689005878126e-01,
          1.5439156390356451e-01, 2.2811385934795406e-01,
          -9.6131540722532549e-01, 6.2597269545817247e-01, 0., 0., 0.,
          1. ]
   - !!opencv-matrix
      rows: 4
      cols: 4
      dt: d
      data: [ 6.5361822963610083e-01, -7.5086691476240874e-01,
          -9.4773868774841952e-02, -5.1429967597905613e-01,
          -7.4427407082217600e-01, -6.1500883568267040e-01,
          -2.6042319315689372e-01, -3.9613221085428552e-01,
          1.3725639288993388e-01, 2.4075507958800751e-01,
          -9.6083176168537243e-01, 6.2589625862388487e-01, 0., 0., 0.,
          1. ]
   - !!opencv-matrix
      rows: 4
      cols: 4
      dt: d
      data: [ 6.5964409333503149e-01, -7.3928727323228538e-01,
          -1.3536616181666791e-01, -4.9991195202770350e-01,
          -7.3706021826490542e-01, -6.0109334810709525e-01,
          -3.0891588096550238e-01, -3.5641602407254286e-01,
          1.4700987987034778e-01, 3.0354754899055714e-01,
          -9.4140691559087841e-01, 6.3504642262257738e-01, 0., 0., 0.,
          1. ]
   - !!opencv-matrix
      rows: 4
      cols: 4
      dt: d
      data: [ 6.2550026223100230e-01, -7.6585266523315487e-01,
          -1.4906078325375000e-01, -4.9989086483741069e-01,
          -7.6624465981930567e-01, -5.6697526998254766e-01,
          -3.0233783178195545e-01, -3.5648679493090701e-01,
          1.4703245644191881e-01, 3.0332942221863451e-01,
          -9.4147369499586375e-01, 6.3494869523959663e-01, 0., 0., 0.,
          1. ]
   - !!opencv-matrix
      rows: 4
      cols: 4
      dt: d
      data: [ 6.1485715829481236e-01, -7.8366565218426909e-01,
          -8.8424094455256563e-02, -4.9984915930180318e-01,
          -7.6614554479729202e-01, -5.6696698110475663e-01,
          -3.0260443903587902e-01, -3.5647577645735479e-01,
          1.8700716318068838e-01, 2.5380423149262615e-01,
          -9.4900565488070132e-01, 6.3512195788535797e-01, 0., 0., 0.,
          1. ]
   - !!opencv-matrix
      rows: 4
      cols: 4
      dt: d
      data: [ 6.2410256294529942e-01, -7.6979988052731874e-01,
          -1.3380633342721168e-01, -4.8425406941230542e-01,
          -7.5532273533804251e-01, -5.5058021962392856e-01,
          -3.5545602715430785e-01, -3.3155801850288891e-01,
          1.9995888679067478e-01, 3.2290798333115317e-01,
          -9.2506587759707237e-01, 6.4542240742716350e-01, 0., 0., 0.,
          1. ]
   - !!opencv-matrix
      rows: 4
      cols: 4
      dt: d
      data: [ 7.1445759334469972e-01, -6.8675212777252004e-01,
          -1.3387255996661948e-01, -4.8426375077740064e-01,
          -6.8149537363507828e-01, -6.3969684282490125e-01,
          -3.5546027203309039e-01, -3.3156260710456636e-01,
          1.5847524420578982e-01, 3.4519482076034980e-01,
          -9.2505466470590014e-01, 6.4543711425797501e-01, 0., 0., 0.,
          1. ]
   - !!opencv-matrix
      rows: 4
      cols: 4
      dt: d
      data: [ 7.0364749636605106e-01, -6.8558227714948949e-01,
          -1.8670067518975217e-01, -4.8913490909871121e-01,
          -7.0407203838483245e-01, -6.3733681100948458e-01,
          -3.1318421750926012e-01, -3.2767775182289416e-01,
          9.5722336068525288e-02, 3.5182201550042486e-01,
          -9.3115976276190282e-01, 6.4484107469696328e-01, 0., 0., 0.,
          1. ]
   - !!opencv-matrix
      rows: 4
      cols: 4
      dt: d
      data: [ 6.1261242113405734e-01, -7.8715282836543043e-01,
          -7.1389398852852323e-02, -4.7850885790252107e-01,
          -7.3970201333624896e-01, -5.3916371942789909e-01,
          -4.0267035540125568e-01, -3.3591871846853760e-01,
          2.7847253533978583e-01, 2.9948774340359391e-01,
          -9.1255692349160056e-01, 6.4656195516417148e-01, 0., 0., 0.,
          1. ]
   - !!opencv-matrix
      rows: 4
      cols: 4
      dt: d
      data: [ 5.5630625020529822e-01, -8.2742486203663257e-01,
          -7.6755805423302625e-02, -4.7938902902570008e-01,
          -7.8304224219251528e-01, -4.9105635100635525e-01,
          -3.8171783699277356e-01, -3.3442002123647846e-01,
          2.7815140288094664e-01, 2.7245505651388241e-01,
          -9.2108633648283944e-01, 6.4419770166885493e-01, 0., 0., 0.,
          1. ]
   - !!opencv-matrix
      rows: 4
      cols: 4
      dt: d
      data: [ 6.3126907909700303e-01, -7.6116270950272924e-01,
          -1.4876383780504404e-01, -4.8365415012651974e-01,
          -7.5234019736523250e-01, -5.5440717068818701e-01,
          -3.5583270861173288e-01, -3.3127885007994640e-01,
          1.8837085019839095e-01, 3.3654720137297711e-01,
          -9.2263340717944531e-01, 6.4326344399274615e-01, 0., 0., 0.,
          1. ]
   - !!opencv-matrix
      rows: 4
      cols: 4
      dt: d
      data: [ 6.3958459745841334e-01, -7.4549418734028039e-01,
          -1.8753655466551908e-01, -4.4603920039502409e-01,
          -7.4325488475257429e-01, -5.3743911940463329e-01,
          -3.9841105560088252e-01, -2.9672233242562057e-01,
          1.9622364532694783e-01, 3.9420503494428749e-01,
          -8.9782997913813123e-01, 5.8553251191368738e-01, 0., 0., 0.,
          1. ]
   - !!opencv-matrix
      rows: 4
      cols: 4
      dt: d
      data: [ 5.6969962374274286e-01, -7.6186300197339107e-01,
          -3.0823222565375941e-01, -4.4605769817189900e-01,
          -7.9604168900775318e-01, -4.1827459511743792e-01,
          -4.3745170298105712e-01, -2.9667937278693185e-01,
          2.0435255826404741e-01, 4.9458177210996784e-01,
          -8.4476559034296783e-01, 5.8559902001739239e-01, 0., 0., 0.,
          1. ]
   - !!opencv-matrix
      rows: 4
      cols: 4
      dt: d
      data: [ 6.3406544816731414e-01, -7.5853706496479734e-01,
          -1.5027484325386867e-01, -5.0658252818422900e-01,
          -6.6276997571830565e-01, -4.3297572047659783e-01,
          -6.1095661446957739e-01, -1.8265073179254057e-01,
          3.9836787863323075e-01, 4.8698413377887595e-01,
          -7.7727053637771282e-01, 5.9748050234626460e-01, 0., 0., 0.,
          1. ]
   - !!opencv-matrix
      rows: 4
      cols: 4
      dt: d
      data: [ 5.8149386207400888e-01, -8.1165827392310441e-01,
          -5.5459307085654413e-02, -5.0654843819546969e-01,
          -6.6274917820414725e-01, -4.3306864671346634e-01,
          -6.1091331138181515e-01, -1.8262008499772184e-01,
          4.7183515676556109e-01, 3.9199795102262203e-01,
          -7.8975261394571195e-01, 5.9744461451090636e-01, 0., 0., 0.,
          1. ]
   - !!opencv-matrix
      rows: 4
      cols: 4
      dt: d
      data: [ 5.4045731641393879e-01, -8.3627815677039485e-01,
          -9.2437728462757607e-02, -5.0654629296109666e-01,
          -6.9663608267686572e-01, -3.8316882985169082e-01,
          -6.0653096882411306e-01, -1.8253402782488720e-01,
          4.7180934438316785e-01, 3.9219955678046980e-01,
          -7.8966793667587154e-01, 5.9748062389383649e-01, 0., 0., 0.,
          1. ]
