%YAML 1.0
---
hand to eye: !!opencv-matrix
   rows: 4
   cols: 4
   dt: d
   data: [ 9.9997487714421118e-01, 4.4807715409203898e-03,
       -5.4925191686996666e-03, -1.2435491641563580e-01,
       -4.4702057607461506e-03, 9.9998813753689098e-01,
       1.9344368577902775e-03, 6.3657441486663788e-02,
       5.5011217835138626e-03, -1.9098355683832158e-03,
       9.9998304494987533e-01, 1.2858059509732164e-01, 0., 0., 0., 1. ]
