%YAML 1.0
---
hand to eye: !!opencv-matrix
   rows: 4
   cols: 4
   dt: d
   data: [ 9.9997646509020677e-01, 6.5847969355281363e-03,
       1.9260620478660506e-03, 1.0694228370789242e-01,
       -6.5770544784891282e-03, 9.9997037504724329e-01,
       -3.9989226377316750e-03, 9.3361741353622019e-02,
       -1.9523370818993468e-03, 3.9861607084301365e-03,
       9.9999014940284547e-01, 6.3782086295370008e-02, 0., 0., 0., 1. ]
