%YAML 1.0
---
camera_matrix: !!opencv-matrix
   rows: 3
   cols: 3
   dt: d
   data: [ 1.0542302124757182e+03, 0., 9.4483782670893493e+02, 0.,
       1.0589839666375028e+03, 5.2807050571207390e+02, 0., 0., 1. ]
distortion_coefficients: !!opencv-matrix
   rows: 5
   cols: 1
   dt: d
   data: [ 3.9142152007519998e-02, -3.7536824715945043e-02,
       8.6883232335398860e-04, -6.4202499010008324e-04,
       -1.3262652652562279e-03 ]
nframes: 20
camera poses:
   - !!opencv-matrix
      rows: 4
      cols: 4
      dt: d
      data: [ 2.5485588670007379e-02, -9.9967247467718523e-01,
          -2.3298375341362157e-03, 7.8178109248190700e-02,
          9.9905857287600996e-01, 2.5387954401396400e-02,
          3.5176977332665907e-02, -6.3811077768446939e-02,
          -3.5106306172730070e-02, -3.2241501368415817e-03,
          9.9937838285746494e-01, 2.0997860855895029e-01, 0., 0., 0., 1. ]
   - !!opencv-matrix
      rows: 4
      cols: 4
      dt: d
      data: [ 2.3862533756369195e-02, -9.9970715992926618e-01,
          -4.0216748857475892e-03, 7.7389065903386872e-02,
          8.9901331089280401e-01, 1.9699109829136925e-02,
          4.3747801305836842e-01, -4.4755485489833512e-02,
          -4.3727067855080848e-01, -1.4054873108645005e-02,
          8.9922011444451988e-01, 2.9155301659473909e-01, 0., 0., 0., 1. ]
   - !!opencv-matrix
      rows: 4
      cols: 4
      dt: d
      data: [ 2.3462954179343076e-02, -9.9971618750498170e-01,
          -4.1272535277927513e-03, -2.3894142621457688e-02,
          7.4710100357111153e-01, 1.4790644743707351e-02,
          6.6454595574053710e-01, 3.2551993967257761e-02,
          -6.6429630455408706e-01, -1.8675686562214300e-02,
          7.4723599919116179e-01, 4.3478137061715355e-01, 0., 0., 0., 1. ]
   - !!opencv-matrix
      rows: 4
      cols: 4
      dt: d
      data: [ -4.9511866082816136e-01, -8.6877860007874319e-01,
          -9.0141968553545393e-03, 2.2219207410355060e-01,
          6.4943240323051343e-01, -3.7696499851121013e-01,
          6.6040513590650018e-01, -2.0003423228367470e-02,
          -5.7714388616181989e-01, 3.2112479496710045e-01,
          7.5085537936633950e-01, 3.5910985555994118e-01, 0., 0., 0., 1. ]
   - !!opencv-matrix
      rows: 4
      cols: 4
      dt: d
      data: [ 3.7242478285017100e-01, -9.2404717659548907e-01,
          -8.6235703423280602e-02, -1.0500313737171237e-01,
          7.4229080856340202e-01, 2.4081391324428822e-01,
          6.2531033472209896e-01, -1.5857017383478120e-01,
          -5.5704949209320176e-01, -2.9689303564394620e-01,
          7.7559679521309821e-01, 4.9651389399552104e-01, 0., 0., 0., 1. ]
   - !!opencv-matrix
      rows: 4
      cols: 4
      dt: d
      data: [ 2.3187809663130687e-01, -9.6876334133551867e-01,
          -8.7921196460715501e-02, 2.4563351825276851e-02,
          9.6806299188806910e-01, 2.2096033765497219e-01,
          1.1845071937358960e-01, -6.2047734216081826e-02,
          -9.5323617426965657e-02, -1.1257938384909598e-01,
          9.8905980117119074e-01, 3.3518207075680823e-01, 0., 0., 0., 1. ]
   - !!opencv-matrix
      rows: 4
      cols: 4
      dt: d
      data: [ 4.1153204769289652e-02, -9.9915280501965531e-01,
          2.9318692311947406e-04, 2.3147759714528857e-01,
          9.9883765720257778e-01, 4.1147590832179344e-02,
          2.5103990176333295e-02, -2.9380557290569598e-02,
          -2.5094786137419146e-02, -7.4026350884179130e-04,
          9.9968480218449607e-01, 3.6933451993405442e-01, 0., 0., 0., 1. ]
   - !!opencv-matrix
      rows: 4
      cols: 4
      dt: d
      data: [ 4.1965463032372842e-02, -9.9911579416107754e-01,
          -2.5553415344441582e-03, 2.2988243561226390e-01,
          9.8169550468418620e-01, 4.1709055244528531e-02,
          -1.8583404099752493e-01, -1.2193515149847686e-01,
          1.8577630633463316e-01, 5.2900442803414799e-03,
          9.8257782360288015e-01, 3.7493883155359725e-01, 0., 0., 0., 1. ]
   - !!opencv-matrix
      rows: 4
      cols: 4
      dt: d
      data: [ 4.3218327833330447e-02, -9.8463233852442922e-01,
          -1.6920796101603663e-01, 2.2275918851125087e-01,
          9.8084795593510654e-01, 7.4013320126256901e-02,
          -1.8016469071882982e-01, -8.8411272505163188e-02,
          1.8991962372860305e-01, -1.5818086602304973e-01,
          9.6897334852254013e-01, 3.8736203137546726e-01, 0., 0., 0., 1. ]
   - !!opencv-matrix
      rows: 4
      cols: 4
      dt: d
      data: [ 1.6365884374616026e-02, -9.8529924597286866e-01,
          -1.7005162073303873e-01, 2.1993691383977090e-01,
          9.3874408896089490e-01, 7.3693489497185613e-02,
          -3.3664343903707328e-01, -1.5149089769429816e-01,
          3.4422622397141123e-01, -1.5412548618260621e-01,
          9.2614990214293003e-01, 3.8602769160130224e-01, 0., 0., 0., 1. ]
   - !!opencv-matrix
      rows: 4
      cols: 4
      dt: d
      data: [ 1.5250548333108307e-02, -9.8598124193117143e-01,
          -1.6615779047460949e-01, 3.6278816870932758e-03,
          9.3709057881709612e-01, 7.2055590656123492e-02,
          -3.4156879094471837e-01, -6.9961595312929684e-02,
          3.4875301843536649e-01, -1.5049578869543775e-01,
          9.2505261997205257e-01, 3.7830148526016943e-01, 0., 0., 0., 1. ]
   - !!opencv-matrix
      rows: 4
      cols: 4
      dt: d
      data: [ 1.3973931484998414e-01, -9.8200506005222188e-01,
          -1.2703930855089227e-01, 6.5896809299359734e-03,
          8.8959317200072685e-01, 6.8161776651914238e-02,
          4.5163919286676141e-01, -4.8958555702916691e-02,
          -4.3485274773760152e-01, -1.7612505283316843e-01,
          8.8310987626091653e-01, 3.5365782709605642e-01, 0., 0., 0., 1. ]
   - !!opencv-matrix
      rows: 4
      cols: 4
      dt: d
      data: [ -1.2851211047418765e-01, -9.8347829857847058e-01,
          -1.2749538692308363e-01, 4.0020221033512243e-02,
          8.7573045320014475e-01, -1.7287173696746397e-01,
          4.5078990216698633e-01, -9.6648206497370534e-03,
          -4.6538243499227527e-01, -5.3719631263147855e-02,
          8.8347800788565878e-01, 3.2470696410684974e-01, 0., 0., 0., 1. ]
   - !!opencv-matrix
      rows: 4
      cols: 4
      dt: d
      data: [ -1.2844535676758775e-01, -9.8946394389496850e-01,
          -6.6804895454312341e-02, 1.7338702398792599e-01,
          8.7536681487176693e-01, -1.4477745523389604e-01,
          4.6127261774058836e-01, -2.7612547328841077e-02,
          -4.6608446632140066e-01, 7.6953740112620239e-04,
          8.8473989288721655e-01, 3.3104691659299412e-01, 0., 0., 0., 1. ]
   - !!opencv-matrix
      rows: 4
      cols: 4
      dt: d
      data: [ 1.3243821996786043e-01, -9.8946108969288160e-01,
          -5.8539472798444459e-02, 1.3548609359940203e-01,
          8.4819965156890065e-01, 8.2576452225526981e-02,
          5.2320022994666260e-01, -6.6799882682734180e-02,
          -5.1285228767174273e-01, -1.1894486757157904e-01,
          8.5019682986249678e-01, 3.5979363278111509e-01, 0., 0., 0., 1. ]
   - !!opencv-matrix
      rows: 4
      cols: 4
      dt: d
      data: [ 4.3396148320898748e-03, -9.4417594073325439e-01,
          -3.2941305481656785e-01, 8.4284149819567764e-02,
          9.8619427834429274e-01, -5.0489723952091420e-02,
          1.5770742891893560e-01, -4.0630936436966900e-02,
          -1.6553553426406253e-01, -3.2554965936968150e-01,
          9.3092180454654483e-01, 3.5678237288612835e-01, 0., 0., 0., 1. ]
   - !!opencv-matrix
      rows: 4
      cols: 4
      dt: d
      data: [ 7.2717533134689399e-02, -9.4668346642195944e-01,
          3.1385119846530535e-01, 1.4547248509508373e-01,
          9.8573910468405912e-01, 1.1610220969046084e-01,
          1.2181417980539859e-01, -8.8446273313018228e-02,
          -1.5175828765334387e-01, 3.0051737272293488e-01,
          9.4162557889016052e-01, 2.1029176545337813e-01, 0., 0., 0., 1. ]
   - !!opencv-matrix
      rows: 4
      cols: 4
      dt: d
      data: [ 4.0456359347213498e-02, -9.4753525757216028e-01,
          3.1708077621645325e-01, 1.4704659675000792e-01,
          9.6875618800200902e-01, 1.1491169967900312e-01,
          2.1978796483133106e-01, -5.5015075027953893e-02,
          -2.4469313679828650e-01, 2.9828214317076035e-01,
          9.2257955313852069e-01, 2.0555988730845573e-01, 0., 0., 0., 1. ]
   - !!opencv-matrix
      rows: 4
      cols: 4
      dt: d
      data: [ -1.6181369652479971e-01, -9.3480587229324108e-01,
          3.1615551354207377e-01, 1.7474652800366919e-01,
          9.7105648220435725e-01, -9.3798092184782536e-02,
          2.1966161765632458e-01, -9.7485981291435861e-02,
          -1.7568618609861830e-01, 3.4254911914726532e-01,
          9.2292711791644400e-01, 2.4671359469907714e-01, 0., 0., 0., 1. ]
   - !!opencv-matrix
      rows: 4
      cols: 4
      dt: d
      data: [ -2.0770265297871393e-01, -9.3568198661498492e-01,
          2.8523468910677591e-01, 1.1157833993389911e-01,
          9.2659383558052377e-01, -9.4743240099625675e-02,
          3.6393348612019444e-01, -4.6085858250261132e-02,
          -3.1350194865387521e-01, 3.3988665519502209e-01,
          8.8667558318167494e-01, 2.6845874959221583e-01, 0., 0., 0., 1. ]
TCP poses:
   - !!opencv-matrix
      rows: 4
      cols: 4
      dt: d
      data: [ 9.9995393548707234e-01, -9.2075609747002338e-03,
          -2.7106687020780444e-03, -1.7705715581482706e-01,
          -9.2036054765872871e-03, -9.9995656820808554e-01,
          1.4681088991274007e-03, -4.9145394306694662e-01,
          -2.7240686750852425e-03, -1.4430933460943787e-03,
          -9.9999524845443533e-01, -4.0540915898580765e-01, 0., 0., 0.,
          1. ]
   - !!opencv-matrix
      rows: 4
      cols: 4
      dt: d
      data: [ 9.9995353526344477e-01, -9.2492215283941446e-03,
          -2.7164711036613831e-03, -1.7706831001107087e-01,
          -7.3333034397943123e-03, -9.1276866058724970e-01,
          4.0841106119988724e-01, -6.2151206823408167e-01,
          -6.2569940704972644e-03, -4.0837216378063379e-01,
          -9.1279407637994947e-01, -3.3583735364964151e-01, 0., 0., 0.,
          1. ]
   - !!opencv-matrix
      rows: 4
      cols: 4
      dt: d
      data: [ 9.9995328353913060e-01, -9.2487118294138325e-03,
          -2.8092826145339382e-03, -7.6193686684563833e-02,
          -5.2863647175765520e-03, -7.6659242781740278e-01,
          6.4211222069128460e-01, -7.4587505801555565e-01,
          -8.0922856712194596e-03, -6.4206737258835744e-01,
          -7.6660550739614364e-01, -2.1704882575027007e-01, 0., 0., 0.,
          1. ]
   - !!opencv-matrix
      rows: 4
      cols: 4
      dt: d
      data: [ 8.6046401410262174e-01, 3.8614466124062496e-01,
          -3.3240634926211343e-01, -1.6440921461986110e-01,
          5.0944713589739321e-01, -6.6238699085213204e-01,
          5.4927869981986421e-01, -8.7365524796040106e-01,
          -8.0806039592417334e-03, -6.4197801749376171e-01,
          -7.6668046074908769e-01, -3.0778430683344454e-01, 0., 0., 0.,
          1. ]
   - !!opencv-matrix
      rows: 4
      cols: 4
      dt: d
      data: [ 9.3219452731129149e-01, -2.3974837564791177e-01,
          2.7117167924594521e-01, -1.6451643203269192e-01,
          -3.5365884518274793e-01, -7.6280316099785472e-01,
          5.4134717030357338e-01, -8.7360915598074929e-01,
          7.7063509360028232e-02, -6.0054313246083224e-01,
          -7.9587006576403418e-01, -2.7625933187005774e-01, 0., 0., 0.,
          1. ]
   - !!opencv-matrix
      rows: 4
      cols: 4
      dt: d
      data: [ 9.7289379413415444e-01, -2.0822147761782506e-01,
          1.0060557436791999e-01, -1.5585841538317902e-01,
          -2.1560089672575256e-01, -9.7404167410271703e-01,
          6.8986016280313645e-02, -4.9174066276090828e-01,
          8.3629651836539934e-02, -8.8806719170487824e-02,
          -9.9253183725454031e-01, -2.9277781488553156e-01, 0., 0., 0.,
          1. ]
   - !!opencv-matrix
      rows: 4
      cols: 4
      dt: d
      data: [ 9.9968789832924854e-01, -2.4172897856376684e-02,
          -6.3068964852273741e-03, -3.2774694754897271e-01,
          -2.4227675096425740e-02, -9.9966809943430623e-01,
          -8.7584663511464517e-03, -4.4864450671091227e-01,
          -6.0930857102313796e-03, 8.9085342580759175e-03,
          -9.9994175446567912e-01, -2.4569075588552652e-01, 0., 0., 0.,
          1. ]
   - !!opencv-matrix
      rows: 4
      cols: 4
      dt: d
      data: [ 9.9968676007905932e-01, -2.4206600107482008e-02,
          -6.3578482106873748e-03, -3.2776607350034243e-01,
          -2.5011907632096150e-02, -9.7528542227720638e-01,
          -2.1952847097853775e-01, -4.4864438083400948e-01,
          -8.8667876775018559e-04, 2.1961872780982875e-01,
          -9.7558537719461291e-01, -2.4574134792063410e-01, 0., 0., 0.,
          1. ]
   - !!opencv-matrix
      rows: 4
      cols: 4
      dt: d
      data: [ 9.8580821005484076e-01, -6.0569370853953627e-02,
          1.5656795426531805e-01, -3.8897255500355077e-01,
          -2.5057130438052504e-02, -9.7528465078591120e-01,
          -2.1952674132235833e-01, -4.1265726892547255e-01,
          1.6599491920742909e-01, 2.1248812026972103e-01,
          -9.6296131051125811e-01, -3.0130356339322606e-01, 0., 0., 0.,
          1. ]
   - !!opencv-matrix
      rows: 4
      cols: 4
      dt: d
      data: [ 9.8578570075276206e-01, -6.0670262929970672e-02,
          1.5667058239310033e-01, -3.8893623816258244e-01,
          2.0136891149437931e-03, -9.2818713660736951e-01,
          -3.7210829672658574e-01, -4.1261556718389286e-01,
          1.6799552746288626e-01, 3.6713452389093104e-01,
          -9.1487143584213293e-01, -3.0132505364796547e-01, 0., 0., 0.,
          1. ]
   - !!opencv-matrix
      rows: 4
      cols: 4
      dt: d
      data: [ 9.8582064431848304e-01, -6.0486243938378356e-02,
          1.5652179250736131e-01, -1.6942312372786064e-01,
          2.5683984589892489e-03, -9.2722597477823210e-01,
          -3.7449351800253250e-01, -3.3617665732102714e-01,
          1.6778277791491697e-01, 3.6958545154102629e-01,
          -9.1392315510898914e-01, -3.0167265733817533e-01, 0., 0., 0.,
          1. ]
   - !!opencv-matrix
      rows: 4
      cols: 4
      dt: d
      data: [ 9.8579749417912443e-01, -6.0554515822616568e-02,
          1.5664115386336835e-01, -1.6938657675448054e-01,
          -1.2100289747679058e-01, -9.0289925563724471e-01,
          4.1246967521495531e-01, -6.3991742486850400e-01,
          1.1645427975124088e-01, -4.2556560573335561e-01,
          -8.9740309557323339e-01, -3.0125428611341637e-01, 0., 0., 0.,
          1. ]
   - !!opencv-matrix
      rows: 4
      cols: 4
      dt: d
      data: [ 9.8220574815015449e-01, 1.8339616312559490e-01,
          4.0468699653023847e-02, -1.6941841771743474e-01,
          1.4734000597505884e-01, -8.8608073769739004e-01,
          4.3949044235445983e-01, -6.3982804178612673e-01,
          1.1645939610038383e-01, -4.2570738028892491e-01,
          -8.9733518566223325e-01, -3.1328217111925988e-01, 0., 0., 0.,
          1. ]
   - !!opencv-matrix
      rows: 4
      cols: 4
      dt: d
      data: [ 9.8760607204199635e-01, 1.5611446916500360e-01,
          -1.6202437566852260e-02, -2.7457867939769598e-01,
          1.4728342506110009e-01, -8.8613628648886289e-01,
          4.3939739925265731e-01, -6.7871977012636253e-01,
          5.4238723879253645e-02, -4.3633789004057044e-01,
          -8.9814665091336443e-01, -3.1325087289531700e-01, 0., 0., 0.,
          1. ]
   - !!opencv-matrix
      rows: 4
      cols: 4
      dt: d
      data: [ 9.9243093001210914e-01, -7.5688450554107278e-02,
          9.6706295596607122e-02, -2.7457596568449189e-01,
          -1.1360013519826934e-01, -8.6494526180855280e-01,
          4.8884016135938424e-01, -6.7870782975652599e-01,
          4.6646097781431077e-02, -4.9612594421946166e-01,
          -8.6699664880212357e-01, -3.1328533841181871e-01, 0., 0., 0.,
          1. ]
   - !!opencv-matrix
      rows: 4
      cols: 4
      dt: d
      data: [ 9.4659275525904829e-01, 6.0496115418026727e-02,
          3.1670550312618762e-01, -3.1095529037474173e-01,
          1.5989942893152018e-02, -9.8983992463873460e-01,
          1.4128427130242768e-01, -5.3264508406731692e-01,
          3.2203490093056153e-01, -1.2867456473799724e-01,
          -9.3794263095998065e-01, -3.4130147979290842e-01, 0., 0., 0.,
          1. ]
   - !!opencv-matrix
      rows: 4
      cols: 4
      dt: d
      data: [ 9.4485201977861744e-01, -9.5103193366930738e-02,
          -3.1338481668976614e-01, -1.4618251615177250e-01,
          -6.1744319539587013e-02, -9.9147648569479963e-01,
          1.1472583544643809e-01, -5.3273609910946396e-01,
          -3.2162447003432360e-01, -8.9049205081808566e-02,
          -9.4267064203222029e-01, -3.4125689385656255e-01, 0., 0., 0.,
          1. ]
   - !!opencv-matrix
      rows: 4
      cols: 4
      dt: d
      data: [ 9.4487031684693290e-01, -9.5051543205014299e-02,
          -3.1334531826073364e-01, -1.4613592887834065e-01,
          -2.9306632589832161e-02, -9.7764877182897314e-01,
          2.0819221942124788e-01, -5.3270953614917393e-01,
          -3.2613065729523150e-01, -1.8753155221360945e-01,
          -9.2653694545686338e-01, -3.4124838792568907e-01, 0., 0., 0.,
          1. ]
   - !!opencv-matrix
      rows: 4
      cols: 4
      dt: d
      data: [ 9.2964877735171070e-01, 1.1412032381757779e-01,
          -3.5032799268719444e-01, -1.4618527194139144e-01,
          1.7134151536738448e-01, -9.7565991656326578e-01,
          1.3685690455132213e-01, -6.1813366402578329e-01,
          -3.2618282585089625e-01, -1.8725458313091439e-01,
          -9.2657459776123330e-01, -3.0241343828080319e-01, 0., 0., 0.,
          1. ]
   - !!opencv-matrix
      rows: 4
      cols: 4
      dt: d
      data: [ 9.2964887013542385e-01, 1.1409130470425795e-01,
          -3.5033719820596976e-01, -8.5375768157202866e-02,
          2.1876295769906484e-01, -9.3602579681595988e-01,
          2.7567821102474632e-01, -6.1806458553661892e-01,
          -2.9647216833066470e-01, -3.3292473907165199e-01,
          -8.9513427569241621e-01, -3.0246605684659256e-01, 0., 0., 0.,
          1. ]
