%YAML 1.0
---
camera_matrix: !!opencv-matrix
   rows: 3
   cols: 3
   dt: d
   data: [ 3.6054441623394592e+02, 0., 2.4769561583484574e+02, 0.,
       3.6206581818684271e+02, 2.0684929384536176e+02, 0., 0., 1. ]
distortion_coefficients: !!opencv-matrix
   rows: 5
   cols: 1
   dt: d
   data: [ 1.0945128165244410e-01, -2.9441357406451685e-01,
       1.1781195946244703e-04, 6.2274400518538603e-04,
       1.1284537910667471e-01 ]
nframes: 30
camera poses:
   - !!opencv-matrix
      rows: 4
      cols: 4
      dt: d
      data: [ 7.0893269763669386e-04, -9.9991466910782478e-01,
          -1.3044229276557351e-02, 7.7091160219643365e-02,
          8.3126326696709707e-01, -6.6617501953264296e-03,
          5.5583900733532876e-01, -9.3009416986256140e-03,
          -5.5587847449385808e-01, -1.1237241090420957e-02,
          8.3118761179835721e-01, 3.2824737841812729e-01, 0., 0., 0., 1. ]
   - !!opencv-matrix
      rows: 4
      cols: 4
      dt: d
      data: [ -6.3435296966386889e-02, -9.5204312417542059e-01,
          -2.9931564076922385e-01, 1.0435859972111440e-01,
          8.2509753639673611e-01, -2.1875164215155529e-01,
          5.2092396229011639e-01, 2.2670053887883530e-02,
          -5.6141786445643427e-01, -2.1391963155891647e-01,
          7.9940501168236044e-01, 3.8361539975880998e-01, 0., 0., 0., 1. ]
   - !!opencv-matrix
      rows: 4
      cols: 4
      dt: d
      data: [ -7.1229245386356360e-02, -9.6032607857612973e-01,
          2.6962977841529945e-01, 1.2300423910392914e-01,
          8.1910699256193886e-01, 9.7940913267068885e-02,
          5.6521793340670679e-01, -5.5628851648026273e-03,
          -5.6920130827135862e-01, 2.6111568377829342e-01,
          7.7963354875682978e-01, 3.3582410148487035e-01, 0., 0., 0., 1. ]
   - !!opencv-matrix
      rows: 4
      cols: 4
      dt: d
      data: [ 2.0672108258267832e-01, -9.4067682075777548e-01,
          2.6906042612188319e-01, 6.6014697588686874e-02,
          7.5742915583513304e-01, 3.2793867701241253e-01,
          5.6458595272130752e-01, -4.6339113973014479e-03,
          -6.1932823922918556e-01, 8.7082392068617703e-02,
          7.8028788859297582e-01, 3.5554509349701668e-01, 0., 0., 0., 1. ]
   - !!opencv-matrix
      rows: 4
      cols: 4
      dt: d
      data: [ 2.0699112460810498e-01, -9.4048393601619773e-01,
          2.6952669706163157e-01, 1.5353380745184405e-02,
          7.5579325853421364e-01, 3.2865190142210543e-01,
          5.6636073137698206e-01, -8.8415287864881981e-02,
          -6.2123363132376153e-01, 8.6474815912584047e-02,
          7.7883944528071858e-01, 3.8479973818160712e-01, 0., 0., 0., 1. ]
   - !!opencv-matrix
      rows: 4
      cols: 4
      dt: d
      data: [ -2.4352471309719562e-01, -9.3219781041040162e-01,
          2.6777407711909224e-01, 1.2973817846022051e-01,
          8.2256451654750173e-01, -5.2223563597890765e-02,
          5.6626876615447530e-01, -9.6378778015321395e-02,
          -5.1389038736670634e-01, 3.5816189310309099e-01,
          7.7951056958896092e-01, 3.5005639244125863e-01, 0., 0., 0., 1. ]
   - !!opencv-matrix
      rows: 4
      cols: 4
      dt: d
      data: [ -4.4939436386508325e-01, -8.5242323083814764e-01,
          2.6724397327863381e-01, 1.4426072883426069e-01,
          7.8903462131144320e-01, -2.3847398139910048e-01,
          5.6617534966436744e-01, -6.5008756165574944e-02,
          -4.1889028646914739e-01, 4.6530075835218188e-01,
          7.7976030431067733e-01, 3.2226930077833132e-01, 0., 0., 0., 1. ]
   - !!opencv-matrix
      rows: 4
      cols: 4
      dt: d
      data: [ -4.9014831547410009e-01, -8.5264082144569675e-01,
          1.8099242647776578e-01, 1.2102097226424316e-01,
          6.7587584165226000e-01, -2.4066069144879665e-01,
          6.9661630634247729e-01, 8.7389232266968618e-03,
          -5.5040573716918229e-01, 4.6377371766389969e-01,
          6.9423876533614459e-01, 3.2036125748385225e-01, 0., 0., 0., 1. ]
   - !!opencv-matrix
      rows: 4
      cols: 4
      dt: d
      data: [ -2.3384245298178841e-01, -8.4879539535125248e-01,
          4.7419835935394294e-01, 1.1148810912653119e-01,
          9.7052278662725555e-01, -2.3304020315133345e-01,
          6.1463683199526581e-02, -4.1816343637189210e-02,
          5.8337190716785559e-02, 4.7459313158293426e-01,
          8.7826996512096278e-01, 2.7109415422432870e-01, 0., 0., 0., 1. ]
   - !!opencv-matrix
      rows: 4
      cols: 4
      dt: d
      data: [ -3.4245472461074034e-01, -8.1202353387445037e-01,
          4.7259130549115191e-01, 1.0757577098928997e-01,
          9.3205634978076923e-01, -3.5695911706414024e-01,
          6.2057631103176220e-02, -4.3486968282095584e-02,
          1.1830351822803276e-01, 4.6173365610364459e-01,
          8.7909402705059425e-01, 2.7331636680316113e-01, 0., 0., 0., 1. ]
   - !!opencv-matrix
      rows: 4
      cols: 4
      dt: d
      data: [ -3.4544136959142219e-01, -7.2296424006206828e-01,
          5.9832513549597632e-01, 1.5516570533403234e-01,
          9.3115143926118782e-01, -3.4336731944079180e-01,
          1.2270240870440732e-01, -2.0885820970467275e-02,
          1.1673584426653474e-01, 5.9951779917824055e-01,
          7.9180246976872837e-01, 2.4114631600643260e-01, 0., 0., 0., 1. ]
   - !!opencv-matrix
      rows: 4
      cols: 4
      dt: d
      data: [ 3.1423067164905408e-02, -9.9813708326484207e-01,
          5.2296786340116475e-02, 7.4095938485923239e-03,
          9.2385882460582691e-01, 9.0371659038019185e-03,
          -3.8262671343016186e-01, -1.4616649518437227e-01,
          3.8144129698800300e-01, 6.0338152474045004e-02,
          9.2242172801172106e-01, 3.1667141572288388e-01, 0., 0., 0., 1. ]
   - !!opencv-matrix
      rows: 4
      cols: 4
      dt: d
      data: [ -1.8023889640781154e-01, -9.8239973008656589e-01,
          4.9037848112825633e-02, 1.9401851342523452e-02,
          9.0654269187447389e-01, -1.8525436363934561e-01,
          -3.7929034862696365e-01, -1.3336666676312012e-01,
          3.8169921146195301e-01, -2.3907971022725460e-02,
          9.2397733786651925e-01, 3.2193290520449591e-01, 0., 0., 0., 1. ]
   - !!opencv-matrix
      rows: 4
      cols: 4
      dt: d
      data: [ 1.0200120264946194e-01, -9.8688519173142253e-01,
          1.2511344052217799e-01, 1.0173688627912104e-01,
          9.8481494958800275e-01, 8.2416153532167288e-02,
          -1.5279755464319997e-01, -1.0458432964661001e-01,
          1.4048227548713343e-01, 1.3879912095613359e-01,
          9.8030583712215102e-01, 3.9230349935610553e-01, 0., 0., 0., 1. ]
   - !!opencv-matrix
      rows: 4
      cols: 4
      dt: d
      data: [ 9.6054182302467053e-02, -9.8686774102873420e-01,
          1.2986783966420409e-01, 9.6489080261945151e-02,
          9.9107431338133856e-01, 8.2704664593057059e-02,
          -1.0455450162598434e-01, -7.5868671920913303e-02,
          9.2440788713167368e-02, 1.3875157718524478e-01,
          9.8600339776833135e-01, 3.3947721930785890e-01, 0., 0., 0., 1. ]
   - !!opencv-matrix
      rows: 4
      cols: 4
      dt: d
      data: [ 3.4087462946532215e-01, -9.3062850325071922e-01,
          1.3317310510837066e-01, 1.0961501507305056e-01,
          9.3865969673814120e-01, 3.2905490986903752e-01,
          -1.0315444736190503e-01, -1.0278162283635300e-01,
          5.2177204853650003e-02, 1.6016696047688928e-01,
          9.8570993911254368e-01, 3.3491092005386330e-01, 0., 0., 0., 1. ]
   - !!opencv-matrix
      rows: 4
      cols: 4
      dt: d
      data: [ 3.4319684657047367e-01, -9.3768821687378090e-01,
          -5.4375844270709850e-02, 3.2280582457331626e-02,
          9.3739123353120812e-01, 3.4559177981518280e-01,
          -4.3174031813285892e-02, -7.7756098873434681e-02,
          5.9275625706719751e-02, -3.6154248163168555e-02,
