%YAML 1.0
---
camera_matrix: !!opencv-matrix
   rows: 3
   cols: 3
   dt: d
   data: [ 3.6054441623394592e+02, 0., 2.4769561583484574e+02, 0.,
       3.6206581818684271e+02, 2.0684929384536176e+02, 0., 0., 1. ]
distortion_coefficients: !!opencv-matrix
   rows: 5
   cols: 1
   dt: d
   data: [ 1.0945128165244410e-01, -2.9441357406451685e-01,
       1.1781195946244703e-04, 6.2274400518538603e-04,
       1.1284537910667471e-01 ]
nframes: 30
camera poses:
   - !!opencv-matrix
      rows: 4
      cols: 4
      dt: d
      data: [ 7.0893269763669386e-04, -9.9991466910782478e-01,
          -1.3044229276557351e-02, 7.7091160219643365e-02,
          8.3126326696709707e-01, -6.6617501953264296e-03,
          5.5583900733532876e-01, -9.3009416986256140e-03,
          -5.5587847449385808e-01, -1.1237241090420957e-02,
          8.3118761179835721e-01, 3.2824737841812729e-01, 0., 0., 0., 1. ]
   - !!opencv-matrix
      rows: 4
      cols: 4
      dt: d
      data: [ -6.3435296966386889e-02, -9.5204312417542059e-01,
          -2.9931564076922385e-01, 1.0435859972111440e-01,
          8.2509753639673611e-01, -2.1875164215155529e-01,
          5.2092396229011639e-01, 2.2670053887883530e-02,
          -5.6141786445643427e-01, -2.1391963155891647e-01,
          7.9940501168236044e-01, 3.8361539975880998e-01, 0., 0., 0., 1. ]
   - !!opencv-matrix
      rows: 4
      cols: 4
      dt: d
      data: [ -7.1229245386356360e-02, -9.6032607857612973e-01,
          2.6962977841529945e-01, 1.2300423910392914e-01,
          8.1910699256193886e-01, 9.7940913267068885e-02,
          5.6521793340670679e-01, -5.5628851648026273e-03,
          -5.6920130827135862e-01, 2.6111568377829342e-01,
          7.7963354875682978e-01, 3.3582410148487035e-01, 0., 0., 0., 1. ]
   - !!opencv-matrix
      rows: 4
      cols: 4
      dt: d
      data: [ 2.0672108258267832e-01, -9.4067682075777548e-01,
          2.6906042612188319e-01, 6.6014697588686874e-02,
          7.5742915583513304e-01, 3.2793867701241253e-01,
          5.6458595272130752e-01, -4.6339113973014479e-03,
          -6.1932823922918556e-01, 8.7082392068617703e-02,
          7.8028788859297582e-01, 3.5554509349701668e-01, 0., 0., 0., 1. ]
   - !!opencv-matrix
      rows: 4
      cols: 4
      dt: d
      data: [ 2.0699112460810498e-01, -9.4048393601619773e-01,
          2.6952669706163157e-01, 1.5353380745184405e-02,
          7.5579325853421364e-01, 3.2865190142210543e-01,
          5.6636073137698206e-01, -8.8415287864881981e-02,
          -6.2123363132376153e-01, 8.6474815912584047e-02,
          7.7883944528071858e-01, 3.8479973818160712e-01, 0., 0., 0., 1. ]
   - !!opencv-matrix
      rows: 4
      cols: 4
      dt: d
      data: [ -2.4352471309719562e-01, -9.3219781041040162e-01,
          2.6777407711909224e-01, 1.2973817846022051e-01,
          8.2256451654750173e-01, -5.2223563597890765e-02,
          5.6626876615447530e-01, -9.6378778015321395e-02,
          -5.1389038736670634e-01, 3.5816189310309099e-01,
          7.7951056958896092e-01, 3.5005639244125863e-01, 0., 0., 0., 1. ]
   - !!opencv-matrix
      rows: 4
      cols: 4
      dt: d
      data: [ -4.4939436386508325e-01, -8.5242323083814764e-01,
          2.6724397327863381e-01, 1.4426072883426069e-01,
          7.8903462131144320e-01, -2.3847398139910048e-01,
          5.6617534966436744e-01, -6.5008756165574944e-02,
          -4.1889028646914739e-01, 4.6530075835218188e-01,
          7.7976030431067733e-01, 3.2226930077833132e-01, 0., 0., 0., 1. ]
   - !!opencv-matrix
      rows: 4
      cols: 4
      dt: d
      data: [ -4.9014831547410009e-01, -8.5264082144569675e-01,
          1.8099242647776578e-01, 1.2102097226424316e-01,
          6.7587584165226000e-01, -2.4066069144879665e-01,
          6.9661630634247729e-01, 8.7389232266968618e-03,
          -5.5040573716918229e-01, 4.6377371766389969e-01,
          6.9423876533614459e-01, 3.2036125748385225e-01, 0., 0., 0., 1. ]
   - !!opencv-matrix
      rows: 4
      cols: 4
      dt: d
      data: [ -2.3384245298178841e-01, -8.4879539535125248e-01,
          4.7419835935394294e-01, 1.1148810912653119e-01,
          9.7052278662725555e-01, -2.3304020315133345e-01,
          6.1463683199526581e-02, -4.1816343637189210e-02,
          5.8337190716785559e-02, 4.7459313158293426e-01,
          8.7826996512096278e-01, 2.7109415422432870e-01, 0., 0., 0., 1. ]
   - !!opencv-matrix
      rows: 4
      cols: 4
      dt: d
      data: [ -3.4245472461074034e-01, -8.1202353387445037e-01,
          4.7259130549115191e-01, 1.0757577098928997e-01,
          9.3205634978076923e-01, -3.5695911706414024e-01,
          6.2057631103176220e-02, -4.3486968282095584e-02,
          1.1830351822803276e-01, 4.6173365610364459e-01,
          8.7909402705059425e-01, 2.7331636680316113e-01, 0., 0., 0., 1. ]
   - !!opencv-matrix
      rows: 4
      cols: 4
      dt: d
      data: [ -3.4544136959142219e-01, -7.2296424006206828e-01,
          5.9832513549597632e-01, 1.5516570533403234e-01,
          9.3115143926118782e-01, -3.4336731944079180e-01,
          1.2270240870440732e-01, -2.0885820970467275e-02,
          1.1673584426653474e-01, 5.9951779917824055e-01,
          7.9180246976872837e-01, 2.4114631600643260e-01, 0., 0., 0., 1. ]
   - !!opencv-matrix
      rows: 4
      cols: 4
      dt: d
      data: [ 3.1423067164905408e-02, -9.9813708326484207e-01,
          5.2296786340116475e-02, 7.4095938485923239e-03,
          9.2385882460582691e-01, 9.0371659038019185e-03,
          -3.8262671343016186e-01, -1.4616649518437227e-01,
          3.8144129698800300e-01, 6.0338152474045004e-02,
          9.2242172801172106e-01, 3.1667141572288388e-01, 0., 0., 0., 1. ]
   - !!opencv-matrix
      rows: 4
      cols: 4
      dt: d
      data: [ -1.8023889640781154e-01, -9.8239973008656589e-01,
          4.9037848112825633e-02, 1.9401851342523452e-02,
          9.0654269187447389e-01, -1.8525436363934561e-01,
          -3.7929034862696365e-01, -1.3336666676312012e-01,
          3.8169921146195301e-01, -2.3907971022725460e-02,
          9.2397733786651925e-01, 3.2193290520449591e-01, 0., 0., 0., 1. ]
   - !!opencv-matrix
      rows: 4
      cols: 4
      dt: d
      data: [ 1.0200120264946194e-01, -9.8688519173142253e-01,
          1.2511344052217799e-01, 1.0173688627912104e-01,
          9.8481494958800275e-01, 8.2416153532167288e-02,
          -1.5279755464319997e-01, -1.0458432964661001e-01,
          1.4048227548713343e-01, 1.3879912095613359e-01,
          9.8030583712215102e-01, 3.9230349935610553e-01, 0., 0., 0., 1. ]
   - !!opencv-matrix
      rows: 4
      cols: 4
      dt: d
      data: [ 9.6054182302467053e-02, -9.8686774102873420e-01,
          1.2986783966420409e-01, 9.6489080261945151e-02,
          9.9107431338133856e-01, 8.2704664593057059e-02,
          -1.0455450162598434e-01, -7.5868671920913303e-02,
          9.2440788713167368e-02, 1.3875157718524478e-01,
          9.8600339776833135e-01, 3.3947721930785890e-01, 0., 0., 0., 1. ]
   - !!opencv-matrix
      rows: 4
      cols: 4
      dt: d
      data: [ 3.4087462946532215e-01, -9.3062850325071922e-01,
          1.3317310510837066e-01, 1.0961501507305056e-01,
          9.3865969673814120e-01, 3.2905490986903752e-01,
          -1.0315444736190503e-01, -1.0278162283635300e-01,
          5.2177204853650003e-02, 1.6016696047688928e-01,
          9.8570993911254368e-01, 3.3491092005386330e-01, 0., 0., 0., 1. ]
   - !!opencv-matrix
      rows: 4
      cols: 4
      dt: d
      data: [ 3.4319684657047367e-01, -9.3768821687378090e-01,
          -5.4375844270709850e-02, 3.2280582457331626e-02,
          9.3739123353120812e-01, 3.4559177981518280e-01,
          -4.3174031813285892e-02, -7.7756098873434681e-02,
          5.9275625706719751e-02, -3.6154248163168555e-02,
          9.9758672331624054e-01, 3.5785304774599558e-01, 0., 0., 0., 1. ]
   - !!opencv-matrix
      rows: 4
      cols: 4
      dt: d
      data: [ 8.8181159991979494e-02, -9.9449551319435991e-01,
          -5.6592908201961778e-02, 1.8219467334408757e-02,
          9.9503345379380226e-01, 9.0577958872676653e-02,
          -4.1280251908595453e-02, -4.9744680010647864e-02,
          4.6179095418233548e-02, -5.2671696410372545e-02,
          9.9754357475932209e-01, 3.5831140498673841e-01, 0., 0., 0., 1. ]
   - !!opencv-matrix
      rows: 4
      cols: 4
      dt: d
      data: [ 8.3771291275031731e-02, -9.9453328257687579e-01,
          -6.2337152685842653e-02, 1.6126372050773219e-02,
          9.8963071201507424e-01, 9.0356813784212675e-02,
          -1.1165437760922008e-01, -7.9295477692626778e-02,
          1.1667658117484837e-01, -5.2337329408648506e-02,
          9.9178998752544367e-01, 3.6103344898769529e-01, 0., 0., 0., 1. ]
   - !!opencv-matrix
      rows: 4
      cols: 4
      dt: d
      data: [ 9.4238291960959938e-02, -9.9431113398978255e-01,
          -4.9643863188045721e-02, 2.1583986630905508e-02,
          9.9347153295485580e-01, 9.0704281148222210e-02,
          6.9188485961993826e-02, -3.9854149028763879e-03,
          -6.4291971012013852e-02, -5.5839969603652083e-02,
          9.9636762304786541e-01, 3.5026693249806456e-01, 0., 0., 0., 1. ]
   - !!opencv-matrix
      rows: 4
      cols: 4
      dt: d
      data: [ 9.5611028773166684e-02, -9.8243744410399225e-01,
          -1.6023482642469394e-01, 2.1556379611778450e-03,
          9.9337561534404339e-01, 8.3862076353052095e-02,
          7.8562325510374328e-02, -1.9287893396317199e-03,
          -6.3744945029232294e-02, -1.6668479406403564e-01,
          9.8394753996900175e-01, 3.6021826776615778e-01, 0., 0., 0., 1. ]
   - !!opencv-matrix
      rows: 4
      cols: 4
      dt: d
      data: [ 4.3826777117962339e-02, -9.8502918296317621e-01,
          -1.6672349060150474e-01, 2.0452485492005087e-01,
          9.9609853945123328e-01, 3.0290091060170481e-02,
          8.2886730462038177e-02, 1.2317120055144978e-03,
          -7.6595778673321402e-02, -1.6970568374236664e-01,
          9.8251364753623849e-01, 3.9441708182622848e-01, 0., 0., 0., 1. ]
   - !!opencv-matrix
      rows: 4
      cols: 4
      dt: d
      data: [ 4.6138299842528534e-02, -9.5267910500991559e-01,
          -3.0045595378548784e-01, 6.9162736673604119e-02,
          9.9619623705843996e-01, 2.1623826180509807e-02,
          8.4412483744523772e-02, 2.4362638030863654e-02,
          -7.3921002145840270e-02, -3.0320773904836495e-01,
          9.5005302611113940e-01, 4.0360534566669265e-01, 0., 0., 0., 1. ]
   - !!opencv-matrix
      rows: 4
      cols: 4
      dt: d
      data: [ 8.1682011603528056e-03, -9.5288491717373913e-01,
          -3.0322205578189798e-01, 6.5383984626894293e-02,
          9.9886056703585890e-01, 2.2033354077435514e-02,
          -4.2333189448714753e-02, -2.7214008177396935e-02,
          4.7019656640669233e-02, -3.0253076856890904e-01,
          9.5197914155642027e-01, 4.1465897077658354e-01, 0., 0., 0., 1. ]
   - !!opencv-matrix
      rows: 4
      cols: 4
      dt: d
      data: [ 2.1550498780267982e-01, -9.2953509270814738e-01,
          -2.9920245930844669e-01, 7.9548796798103005e-02,
          9.7646739053427178e-01, 2.0252516330326994e-01,
          7.4128223047459946e-02, -2.9871950355433975e-02,
          -8.3087577505277788e-03, -3.0813644648603278e-01,
          9.5130588923416393e-01, 4.1178109090235321e-01, 0., 0., 0., 1. ]
   - !!opencv-matrix
      rows: 4
      cols: 4
      dt: d
      data: [ 2.3923402049587594e-02, -9.5336703462590644e-01,
          -3.0086370356521808e-01, 6.7073369860095697e-02,
          9.9750461517694533e-01, 2.7677331583387775e-03,
          7.0547022289097899e-02, 2.3912909988445884e-02,
          -6.6424494992946934e-02, -3.0180065762315678e-01,
          9.5105423059001315e-01, 4.0413181961803601e-01, 0., 0., 0., 1. ]
   - !!opencv-matrix
      rows: 4
      cols: 4
      dt: d
      data: [ 2.1049808403319048e-02, -9.9816845631743623e-01,
          -5.6715415709044606e-02, 2.1704374575511820e-01,
          9.9744355298820175e-01, 1.7092126226660596e-02,
          6.9384564733981635e-02, 2.0846469923022904e-02,
          -6.8288096828479181e-02, -5.8030957547830324e-02,
          9.9597647753228891e-01, 3.6050416108785238e-01, 0., 0., 0., 1. ]
   - !!opencv-matrix
      rows: 4
      cols: 4
      dt: d
      data: [ -9.1840231795528457e-02, -9.9404275967974132e-01,
          -5.8688702081642896e-02, 1.8544790619726240e-01,
          9.9288397995426403e-01, -9.5901409205304433e-02,
          7.0599731321141709e-02, -2.4087138564105295e-02,
          -7.5807480989175807e-02, -5.1787176411936024e-02,
          9.9577673912647446e-01, 3.6099381318559115e-01, 0., 0., 0., 1. ]
   - !!opencv-matrix
      rows: 4
      cols: 4
      dt: d
      data: [ -8.8575774250609224e-02, -9.5076703221146486e-01,
          -2.9697875795367651e-01, 7.4714307830829746e-02,
          9.9358264978720234e-01, -1.0539112317472252e-01,
          4.1063721188074692e-02, -3.3523896554920010e-02,
          -7.0340957185316896e-02, -2.9143569036028127e-01,
          9.5400072752932419e-01, 4.0794088115157356e-01, 0., 0., 0., 1. ]
   - !!opencv-matrix
      rows: 4
      cols: 4
      dt: d
      data: [ -8.8279120874400596e-02, -9.1791381570764097e-01,
          -3.8683462067229962e-01, 4.8879223484984635e-02,
          9.9377303931796823e-01, -1.0766600385136746e-01,
          2.8691077696825273e-02, -3.5802187747415205e-02,
          -6.7984874364603431e-02, -3.8189299358290968e-01,
          9.2170266263579459e-01, 4.2737634141046121e-01, 0., 0., 0., 1. ]
TCP poses:
   - !!opencv-matrix
      rows: 4
      cols: 4
      dt: d
      data: [ 9.9981798208715145e-01, 1.8776803519816424e-02,
          -3.3814707977914485e-03, -3.4874126138053241e-02,
          1.7682640029255157e-02, -8.4542564377627505e-01,
          5.3380034196979198e-01, -6.5090099445222482e-01,
          7.1642820138440866e-03, -5.3376297407655515e-01,
          -8.4560378462266650e-01, -3.0797338423616721e-01, 0., 0., 0.,
          1. ]
   - !!opencv-matrix
      rows: 4
      cols: 4
      dt: d
      data: [ 9.5228609138139586e-01, 2.2785493210444163e-01,
          2.0305991745596436e-01, -1.7165251867936035e-01,
          8.4039288714558805e-02, -8.3535828818304558e-01,
          5.4324389395210215e-01, -6.7001447788316493e-01,
          2.9340858561721361e-01, -5.0025859340902079e-01,
          -8.1464884558104800e-01, -3.0801563791021963e-01, 0., 0., 0.,
          1. ]
   - !!opencv-matrix
      rows: 4
      cols: 4
      dt: d
      data: [ 9.5778949954359072e-01, -8.2575754925585179e-02,
          -2.7535526009594841e-01, 4.4336437494176706e-02,
          8.4172141592419883e-02, -8.3531849458825802e-01,
          5.4328451402423761e-01, -6.7002452731276152e-01,
          -2.7487147022523689e-01, -5.4352944473807130e-01,
          -7.9310870475549611e-01, -2.6921233457909638e-01, 0., 0., 0.,
          1. ]
   - !!opencv-matrix
      rows: 4
      cols: 4
      dt: d
      data: [ 9.4178512435953321e-01, -3.1826957280992985e-01,
          -1.0837554409774790e-01, 5.5560927000388505e-02,
          -1.9354750757659880e-01, -7.7678749477500120e-01,
          5.9928336392066139e-01, -6.7007265351813139e-01,
          -2.7491842762169388e-01, -5.4342034097424285e-01,
          -7.9316718992243562e-01, -2.6919194261262885e-01, 0., 0., 0.,
          1. ]
   - !!opencv-matrix
      rows: 4
      cols: 4
      dt: d
      data: [ 9.4182717994730980e-01, -3.1816617736615910e-01,
          -1.0831364961399807e-01, 7.9176781067878385e-02,
          -1.9350163959959971e-01, -7.7680879678446413e-01,
          5.9927056386121602e-01, -7.6283233915932636e-01,
          -2.7480662034376968e-01, -5.4345043639551804e-01,
          -7.9318531541926329e-01, -3.0641376166994261e-01, 0., 0., 0.,
          1. ]
   - !!opencv-matrix
      rows: 4
      cols: 4
      dt: d
      data: [ 9.2703741955909635e-01, 6.8888191779014854e-02,
          -3.6858654312200612e-01, 7.9111919890776330e-02,
          2.5497153836665803e-01, -8.3655918160718812e-01,
          4.8493118098514909e-01, -7.6277758846715482e-01,
          -2.7493842467023888e-01, -5.4352842860528394e-01,
          -7.9308619325878960e-01, -3.0646285969849429e-01, 0., 0., 0.,
          1. ]
   - !!opencv-matrix
      rows: 4
      cols: 4
      dt: d
      data: [ 8.4441223253069664e-01, 2.5800060173290923e-01,
          -4.6947169356414026e-01, 1.0471610991403210e-01,
          4.5980481305768289e-01, -7.9873410327205840e-01,
          3.8807649524181465e-01, -7.3121551524315043e-01,
          -2.7485908287978150e-01, -5.4356188403496219e-01,
          -7.9309076579093252e-01, -3.0646208037529477e-01, 0., 0., 0.,
          1. ]
   - !!opencv-matrix
      rows: 4
      cols: 4
      dt: d
      data: [ 8.4440442586849707e-01, 2.5801399044245149e-01,
          -4.6947837682864169e-01, 1.0470093025867640e-01,
          5.0156845750014190e-01, -6.8861804401601057e-01,
          5.2367382204621604e-01, -7.3120897410593877e-01,
          -1.8817610904315632e-01, -6.7766803834290879e-01,
          -7.1088380329970369e-01, -3.0642388749834892e-01, 0., 0., 0.,
          1. ]
   - !!opencv-matrix
      rows: 4
      cols: 4
      dt: d
      data: [ 8.4439334621312212e-01, 2.5801412310528166e-01,
          -4.6949823125249296e-01, 1.0473085364280223e-01,
          2.4207063102385756e-01, -9.6557025094477467e-01,
          -9.5267518526286676e-02, -4.7041292498656329e-01,
          -4.7791389022157343e-01, -3.3208474350044176e-02,
          -8.7777873679226492e-01, -3.0643342592507772e-01, 0., 0., 0.,
          1. ]
   - !!opencv-matrix
      rows: 4
      cols: 4
      dt: d
      data: [ 8.0584166360774567e-01, 3.8119140013790082e-01,
          -4.5311403603817851e-01, 1.0470757749670204e-01,
          3.4959042317613848e-01, -9.2390422681728801e-01,
          -1.5552336060115740e-01, -4.7044334647674424e-01,
          -4.7791814070762090e-01, -3.3077123968930908e-02,
          -8.7778138203798484e-01, -3.0638390844739455e-01, 0., 0., 0.,
          1. ]
   - !!opencv-matrix
      rows: 4
      cols: 4
      dt: d
      data: [ 7.1612601817328714e-01, 3.7051179745304341e-01,
          -5.9151038371560960e-01, 1.0471678438916406e-01,
          3.4961606578890603e-01, -9.2390714132487950e-01,
          -1.5544838613242823e-01, -4.7042507941715922e-01,
          -6.0409612863977225e-01, -9.5480899435458177e-02,
          -7.9117081923275945e-01, -3.0644703558609493e-01, 0., 0., 0.,
          1. ]
   - !!opencv-matrix
      rows: 4
      cols: 4
      dt: d
      data: [ 9.9848780956360950e-01, 6.9541072075394190e-03,
          -5.4531958939797086e-02, 5.9172770853727158e-02,
          -1.5918133525426093e-02, -9.1289716940996923e-01,
          -4.0787911335141047e-01, -4.0548028424187166e-01,
          -5.2618506040483258e-02, 4.0813036946080361e-01,
          -9.1140599863389948e-01, -3.0959279048303129e-01, 0., 0., 0.,
          1. ]
   - !!opencv-matrix
      rows: 4
      cols: 4
      dt: d
      data: [ 9.7918636983752638e-01, 2.0025572923109522e-01,
          3.3040823756806351e-02, 2.3948369105478842e-02,
          1.9600585348843766e-01, -8.9074900726957629e-01,
          -4.1005842443063317e-01, -4.0543426874753408e-01,
          -5.2685467850966117e-02, 4.0799981489994136e-01,
          -9.1146058198856761e-01, -3.0957117852342847e-01, 0., 0., 0.,
          1. ]
   - !!opencv-matrix
      rows: 4
      cols: 4
      dt: d
      data: [ 9.8825089560827617e-01, -6.3833289995114881e-02,
          -1.3887216574187727e-01, 6.7639550011718607e-03,
          -8.7442962809759286e-02, -9.8135094790598587e-01,
          -1.7118424372317118e-01, -4.3337005275730556e-01,
          -1.2535507801637286e-01, 1.8131637579772705e-01,
          -9.7540272517718885e-01, -2.1443920755039403e-01, 0., 0., 0.,
          1. ]
   - !!opencv-matrix
      rows: 4
      cols: 4
      dt: d
      data: [ 9.8824345413961945e-01, -6.3891278991827588e-02,
          -1.3889845146358618e-01, 6.7444069055691827e-03,
          -8.1260224515060375e-02, -9.8904838597029487e-01,
          -1.2320741098374172e-01, -4.3339391647147391e-01,
          -1.2950541016481024e-01, 1.3304583675689785e-01,
          -9.8261241293793011e-01, -2.6759341562992106e-01, 0., 0., 0.,
          1. ]
   - !!opencv-matrix
      rows: 4
      cols: 4
      dt: d
      data: [ 9.3606582494691759e-01, -3.1053076996335593e-01,
          -1.6538262385272498e-01, 6.7663449248618274e-03,
          -3.2715522599041391e-01, -9.4118690088658186e-01,
          -8.4478847687884273e-02, -4.3345306368433756e-01,
          -1.2942267758630174e-01, 1.3318355193295026e-01,
          -9.8260465703196997e-01, -2.6759342393241670e-01, 0., 0., 0.,
          1. ]
   - !!opencv-matrix
      rows: 4
      cols: 4
      dt: d
      data: [ 9.4317133225814476e-01, -3.3068047605234868e-01,
          3.2836881158052528e-02, 6.7494670574074133e-03,
          -3.2705895946778835e-01, -9.4122532483912646e-01,
          -8.4423485555433886e-02, -4.3342330353127650e-01,
          5.8824102528161254e-02, 6.8886215161474751e-02,
          -9.9588875599761817e-01, -2.6758632683543976e-01, 0., 0., 0.,
          1. ]
   - !!opencv-matrix
      rows: 4
      cols: 4
      dt: d
      data: [ 9.9572997512983652e-01, -7.5215215899197482e-02,
          5.3520911101845259e-02, 6.7350936892878700e-03,
          -7.1223515702916698e-02, -9.9478974570402423e-01,
          -7.2942255607015574e-02, -4.3341986977057978e-01,
          5.8728421048508450e-02, 6.8818842909191144e-02,
          -9.9589906085997948e-01, -2.6764135160048491e-01, 0., 0., 0.,
          1. ]
   - !!opencv-matrix
      rows: 4
      cols: 4
      dt: d
      data: [ 9.9572303213183533e-01, -7.5284080117393806e-02,
          5.3553249789932249e-02, 6.7433440316899919e-03,
          -6.6925823486905914e-02, -9.8736249865818337e-01,
          -1.4365316005597759e-01, -4.3344092352271213e-01,
          6.3691266534624355e-02, 1.3945466476366661e-01,
          -9.8817803003450178e-01, -2.6756154492279549e-01, 0., 0., 0.,
          1. ]
   - !!opencv-matrix
      rows: 4
      cols: 4
      dt: d
      data: [ 9.9573167628523829e-01, -7.5135452631233182e-02,
          5.3601236926853174e-02, 6.7862114320932443e-03,
          -7.7257810525394197e-02, -9.9626034880537384e-01,
          3.8685244099232352e-02, -4.3343792280823984e-01,
          5.0494153671600664e-02, -4.2661237160853849e-02,
          -9.9781278769561488e-01, -2.6756110892905305e-01, 0., 0., 0.,
          1. ]
   - !!opencv-matrix
      rows: 4
      cols: 4
      dt: d
      data: [ 9.8400288216519072e-01, -7.0074894168427909e-02,
          1.6379205444062736e-01, -2.1248048243813433e-02,
          -7.7422357513466961e-02, -9.9623898105461928e-01,
          3.8905927367315227e-02, -4.3338400175704272e-01,
          1.6044970067798417e-01, -5.0964711659515244e-02,
          -9.8572739219208461e-01, -2.6764543641026411e-01, 0., 0., 0.,
          1. ]
   - !!opencv-matrix
      rows: 4
      cols: 4
      dt: d
      data: [ 9.8668871348016007e-01, -1.8283179354015563e-02,
          1.6158931908878271e-01, -2.3123691309701611e-01,
          -2.6250565489627668e-02, -9.9853527884150317e-01,
          4.7309668360666690e-02, -4.3338443046308106e-01,
          1.6048766464230924e-01, -5.0921726813123666e-02,
          -9.8572343344166635e-01, -2.6762079403938710e-01, 0., 0., 0.,
          1. ]
   - !!opencv-matrix
      rows: 4
      cols: 4
      dt: d
      data: [ 9.5351542721591154e-01, -1.0800086032058769e-02,
          3.0115060717680392e-01, -1.6004074287047956e-01,
          -2.6207619169721186e-02, -9.9854305462763893e-01,
          4.7169150430753266e-02, -4.1385389253881016e-01,
          3.0020241631058270e-01, -5.2868953050011290e-02,
          -9.5240925186848291e-01, -2.6757097675444647e-01, 0., 0., 0.,
          1. ]
   - !!opencv-matrix
      rows: 4
      cols: 4
      dt: d
      data: [ 9.5351978360912559e-01, -1.0868631546256453e-02,
          3.0113434728426125e-01, -1.6005444692626714e-01,
          1.1465727013052630e-02, -9.9731696302342965e-01,
          -7.2300846259121851e-02, -4.1378142453402705e-01,
          3.0111220395405514e-01, 7.2393011499969642e-02,
          -9.5083683800949614e-01, -2.6764181597438286e-01, 0., 0., 0.,
          1. ]
   - !!opencv-matrix
      rows: 4
      cols: 4
      dt: d
      data: [ 9.3353261604450610e-01, -1.9257815306345069e-01,
          3.0237478357788056e-01, -1.6004284793718734e-01,
          -1.9553718152491531e-01, -9.8047648370474816e-01,
          -2.0762358807827674e-02, -4.1380087614130351e-01,
          3.0046974127587672e-01, -3.9743173811898964e-02,
          -9.5296296607631337e-01, -2.6761597413500227e-01, 0., 0., 0.,
          1. ]
   - !!opencv-matrix
      rows: 4
      cols: 4
      dt: d
      data: [ 9.5375781103902901e-01, 8.3330251365886423e-03,
          3.0046064396874439e-01, -1.6007500552347306e-01,
          -3.9583786867412006e-03, -9.9918072782357203e-01,
          4.0276598467709680e-02, -4.1380662220769926e-01,
          3.0055011083047689e-01, -3.9603457399951116e-02,
          -9.5294343853229735e-01, -2.6759171931739034e-01, 0., 0., 0.,
          1. ]
   - !!opencv-matrix
      rows: 4
      cols: 4
      dt: d
      data: [ 9.9870414482974468e-01, -1.8796773733671284e-03,
          5.0857623940382998e-02, -1.9484392472218456e-01,
          -3.9372661206799426e-03, -9.9917631672103213e-01,
          4.0387944231994877e-02, -4.1382507394396650e-01,
          5.0739817061005568e-02, -4.0535847305364595e-02,
          -9.9788892971505194e-01, -2.6762644385595791e-01, 0., 0., 0.,
          1. ]
   - !!opencv-matrix
      rows: 4
      cols: 4
      dt: d
      data: [ 9.9281099896254177e-01, 1.1046927338903327e-01,
          4.6074504619134780e-02, -1.6763591834676056e-01,
          1.0837900753864961e-01, -9.9306136270909662e-01,
          4.5641216233678492e-02, -4.8946377060371798e-01,
          5.0796762337150768e-02, -4.0319592399366971e-02,
          -9.9789479375574053e-01, -2.6758092738759653e-01, 0., 0., 0.,
          1. ]
   - !!opencv-matrix
      rows: 4
      cols: 4
      dt: d
      data: [ 9.5051190126129115e-01, 1.1704821522194545e-01,
          2.8779652686230173e-01, -1.6763117355655316e-01,
          1.0838855098271255e-01, -9.9304838195086664e-01,
          4.5900251858062471e-02, -4.8938507065553388e-01,
          2.9116841788991188e-01, -1.2434887137516868e-02,
          -9.5659099201558595e-01, -2.6761125271190350e-01, 0., 0., 0.,
          1. ]
   - !!opencv-matrix
      rows: 4
      cols: 4
      dt: d
      data: [ 9.1799517598503111e-01, 1.1760820505158273e-01,
          3.7875211810992837e-01, -1.9004363850251413e-01,
          1.0830566127619304e-01, -9.9305949285023554e-01,
          4.5855505618839762e-02, -4.8936517024444481e-01,
          3.8151637003376249e-01, -1.0741343387948195e-03,
          -9.2436145832227523e-01, -2.6764532359830467e-01, 0., 0., 0.,
          1. ]
