%YAML 1.0
---
camera_matrix: !!opencv-matrix
   rows: 3
   cols: 3
   dt: d
   data: [ 1.0542302124757182e+03, 0., 9.4483782670893493e+02, 0.,
       1.0589839666375028e+03, 5.2807050571207390e+02, 0., 0., 1. ]
distortion_coefficients: !!opencv-matrix
   rows: 5
   cols: 1
   dt: d
   data: [ 3.9142152007519998e-02, -3.7536824715945043e-02,
       8.6883232335398860e-04, -6.4202499010008324e-04,
       -1.3262652652562279e-03 ]
nframes: 20
camera poses:
   - !!opencv-matrix
      rows: 4
      cols: 4
      dt: d
      data: [ 2.5485588670007379e-02, -9.9967247467718523e-01,
          -2.3298375341362157e-03, 7.8178109248190700e-02,
          9.9905857287600996e-01, 2.5387954401396400e-02,
          3.5176977332665907e-02, -6.3811077768446939e-02,
          -3.5106306172730070e-02, -3.2241501368415817e-03,
          9.9937838285746494e-01, 2.0997860855895029e-01, 0., 0., 0., 1. ]
   - !!opencv-matrix
      rows: 4
      cols: 4
      dt: d
      data: [ 2.3862533756369195e-02, -9.9970715992926618e-01,
          -4.0216748857475892e-03, 7.7389065903386872e-02,
          8.9901331089280401e-01, 1.9699109829136925e-02,
          4.3747801305836842e-01, -4.4755485489833512e-02,
          -4.3727067855080848e-01, -1.4054873108645005e-02,
          8.9922011444451988e-01, 2.9155301659473909e-01, 0., 0., 0., 1. ]
   - !!opencv-matrix
      rows: 4
      cols: 4
      dt: d
      data: [ 2.3462954179343076e-02, -9.9971618750498170e-01,
          -4.1272535277927513e-03, -2.3894142621457688e-02,
          7.4710100357111153e-01, 1.4790644743707351e-02,
          6.6454595574053710e-01, 3.2551993967257761e-02,
          -6.6429630455408706e-01, -1.8675686562214300e-02,
          7.4723599919116179e-01, 4.3478137061715355e-01, 0., 0., 0., 1. ]
   - !!opencv-matrix
      rows: 4
      cols: 4
      dt: d
      data: [ -4.9511866082816136e-01, -8.6877860007874319e-01,
          -9.0141968553545393e-03, 2.2219207410355060e-01,
          6.4943240323051343e-01, -3.7696499851121013e-01,
          6.6040513590650018e-01, -2.0003423228367470e-02,
          -5.7714388616181989e-01, 3.2112479496710045e-01,
          7.5085537936633950e-01, 3.5910985555994118e-01, 0., 0., 0., 1. ]
   - !!opencv-matrix
      rows: 4
      cols: 4
      dt: d
      data: [ 3.7242478285017100e-01, -9.2404717659548907e-01,
          -8.6235703423280602e-02, -1.0500313737171237e-01,
          7.4229080856340202e-01, 2.4081391324428822e-01,
          6.2531033472209896e-01, -1.5857017383478120e-01,
          -5.5704949209320176e-01, -2.9689303564394620e-01,
          7.7559679521309821e-01, 4.9651389399552104e-01, 0., 0., 0., 1. ]
   - !!opencv-matrix
      rows: 4
      cols: 4
      dt: d
      data: [ 2.3187809663130687e-01, -9.6876334133551867e-01,
          -8.7921196460715501e-02, 2.4563351825276851e-02,
          9.6806299188806910e-01, 2.2096033765497219e-01,
          1.1845071937358960e-01, -6.2047734216081826e-02,
          -9.5323617426965657e-02, -1.1257938384909598e-01,
          9.8905980117119074e-01, 3.3518207075680823e-01, 0., 0., 0., 1. ]
   - !!opencv-matrix
      rows: 4
      cols: 4
      dt: d
      data: [ 4.1153204769289652e-02, -9.9915280501965531e-01,
          2.9318692311947406e-04, 2.3147759714528857e-01,
          9.9883765720257778e-01, 4.1147590832179344e-02,
          2.5103990176333295e-02, -2.9380557290569598e-02,
          -2.5094786137419146e-02, -7.4026350884179130e-04,
          9.9968480218449607e-01, 3.6933451993405442e-01, 0., 0., 0., 1. ]
   - !!opencv-matrix
      rows: 4
      cols: 4
      dt: d
      data: [ 4.1965463032372842e-02, -9.9911579416107754e-01,
          -2.5553415344441582e-03, 2.2988243561226390e-01,
          9.8169550468418620e-01, 4.1709055244528531e-02,
          -1.8583404099752493e-01, -1.2193515149847686e-01,
          1.8577630633463316e-01, 5.2900442803414799e-03,
          9.8257782360288015e-01, 3.7493883155359725e-01, 0., 0., 0., 1. ]
   - !!opencv-matrix
      rows: 4
      cols: 4
      dt: d
      data: [ 4.3218327833330447e-02, -9.8463233852442922e-01,
          -1.6920796101603663e-01, 2.2275918851125087e-01,
          9.8084795593510654e-01, 7.4013320126256901e-02,
          -1.8016469071882982e-01, -8.8411272505163188e-02,
          1.8991962372860305e-01, -1.5818086602304973e-01,
          9.6897334852254013e-01, 3.8736203137546726e-01, 0., 0., 0., 1. ]
   - !!opencv-matrix
      rows: 4
      cols: 4
      dt: d
      data: [ 1.6365884374616026e-02, -9.8529924597286866e-01,
          -1.7005162073303873e-01, 2.1993691383977090e-01,
          9.3874408896089490e-01, 7.3693489497185613e-02,
          -3.3664343903707328e-01, -1.5149089769429816e-01,
          3.4422622397141123e-01, -1.5412548618260621e-01,
          9.2614990214293003e-01, 3.8602769160130224e-01, 0., 0., 0., 1. ]
   - !!opencv-matrix
      rows: 4
      cols: 4
      dt: d
      data: [ 1.5250548333108307e-02, -9.8598124193117143e-01,
          -1.6615779047460949e-01, 3.6278816870932758e-03,
          9.3709057881709612e-01, 7.2055590656123492e-02,
          -3.4156879094471837e-01, -6.9961595312929684e-02,
          3.4875301843536649e-01, -1.5049578869543775e-01,
          9.2505261997205257e-01, 3.7830148526016943e-01, 0., 0., 0., 1. ]
   - !!opencv-matrix
      rows: 4
      cols: 4
      dt: d
      data: [ 1.3973931484998414e-01, -9.8200506005222188e-01,
          -1.2703930855089227e-01, 6.5896809299359734e-03,
          8.8959317200072685e-01, 6.8161776651914238e-02,
          4.5163919286676141e-01, -4.8958555702916691e-02,
          -4.3485274773760152e-01, -1.7612505283316843e-01,
          8.8310987626091653e-01, 3.5365782709605642e-01, 0., 0., 0., 1. ]
   - !!opencv-matrix
      rows: 4
      cols: 4
      dt: d
      data: [ -1.2851211047418765e-01, -9.8347829857847058e-01,
          -1.2749538692308363e-01, 4.0020221033512243e-02,
          8.7573045320014475e-01, -1.7287173696746397e-01,
          4.5078990216698633e-01, -9.6648206497370534e-03,
          -4.6538243499227527e-01, -5.3719631263147855e-02,
          8.8347800788565878e-01, 3.2470696410684974e-01, 0., 0., 0., 1. ]
   - !!opencv-matrix
      rows: 4
      cols: 4
      dt: d
      data: [ -1.2844535676758775e-01, -9.8946394389496850e-01,
          -6.6804895454312341e-02, 1.7338702398792599e-01,
          8.7536681487176693e-01, -1.4477745523389604e-01,
          4.6127261774058836e-01, -2.7612547328841077e-02,
          -4.6608446632140066e-01, 7.6953740112620239e-04,
          8.8473989288721655e-01, 3.3104691659299412e-01, 0., 0., 0., 1. ]
   - !!opencv-matrix
      rows: 4
      cols: 4
      dt: d
      data: [ 1.3243821996786043e-01, -9.8946108969288160e-01,
          -5.8539472798444459e-02, 1.3548609359940203e-01,
          8.4819965156890065e-01, 8.2576452225526981e-02,
          5.2320022994666260e-01, -6.6799882682734180e-02,
          -5.1285228767174273e-01, -1.1894486757157904e-01,
          8.5019682986249678e-01, 3.5979363278111509e-01, 0., 0., 0., 1. ]
   - !!opencv-matrix
      rows: 4
      cols: 4
      dt: d
      data: [ 4.3396148320898748e-03, -9.4417594073325439e-01,
          -3.2941305481656785e-01, 8.4284149819567764e-02,
          9.8619427834429274e-01, -5.0489723952091420e-02,
          1.5770742891893560e-01, -4.0630936436966900e-02,
          -1.6553553426406253e-01, -3.2554965936968150e-01,
          9.3092180454654483e-01, 3.5678237288612835e-01, 0., 0., 0., 1. ]
   - !!opencv-matrix
      rows: 4
      cols: 4
      dt: d
      data: [ 7.2717533134689399e-02, -9.4668346642195944e-01,
          3.1385119846530535e-01, 1.4547248509508373e-01,
          9.8573910468405912e-01, 1.1610220969046084e-01,
          1.2181417980539859e-01, -8.8446273313018228e-02,
          -1.5175828765334387e-01, 3.0051737272293488e-01,
