%YAML 1.0
---
hand to eye: !!opencv-matrix
   rows: 4
   cols: 4
   dt: d
   data: [ 9.9999689503557909e-01, 1.3406290668265194e-03,
       2.1006267889202568e-03, 5.5051677512341607e-02,
       -1.3265242077377289e-03, 9.9997666375157079e-01,
       -6.7016629133501981e-03, 9.3013179527308934e-02,
       -2.1095622122692323e-03, 6.6988555726383153e-03,
       9.9997533723651899e-01, 6.4605049141036930e-02, 0., 0., 0., 1. ]
