%YAML 1.0
---
camera_matrix: !!opencv-matrix
   rows: 3
   cols: 3
   dt: d
   data: [ 2.3894728197683617e+03, 0., 1.2121466911781754e+03, 0.,
       2.4034165496495825e+03, 1.0295959004272784e+03, 0., 0., 1. ]
distortion_coefficients: !!opencv-matrix
   rows: 5
   cols: 1
   dt: d
   data: [ -2.1149535422680385e-01, 1.9071708618299457e-01,
       3.8802323096175350e-04, 6.6024223059165218e-05,
       -9.0850232487821911e-02 ]
nframes: 30
camera poses:
   - !!opencv-matrix
      rows: 4
      cols: 4
      dt: d
      data: [ 5.8509677291658360e-02, 9.4791262065066606e-01,
          -3.1311065340293465e-01, -1.0487014969416994e-01,
          -9.7245736517157488e-01, -1.6766173425986044e-02,
          -2.3247702757951882e-01, 1.0194461666681027e-02,
          -2.2561757597045629e-01, 3.1808891687676955e-01,
          9.2082362609425894e-01, 3.2826082431426262e-01, 0., 0., 0., 1. ]
   - !!opencv-matrix
      rows: 4
      cols: 4
      dt: d
      data: [ 9.1208990985431670e-02, 9.5276699181730740e-01,
          -2.8968254912372365e-01, -1.0439446324542433e-01,
          -9.8321819689452750e-01, 4.0006547730031268e-02,
          -1.7799284658153844e-01, 3.3723920502235320e-02,
          -1.5799651027441652e-01, 3.0105570156056471e-01,
          9.4042680060650263e-01, 3.2522026023467909e-01, 0., 0., 0., 1. ]
   - !!opencv-matrix
      rows: 4
      cols: 4
      dt: d
      data: [ 8.7472209780160931e-02, 9.5403002057954811e-01,
          -2.8666240135246607e-01, -9.0481772401304089e-02,
          -9.8584295260789234e-01, 4.1581813979764168e-02,
          -1.6243344957090894e-01, 5.8450968260633583e-02,
          -1.4304644458891053e-01, 2.9681252092716559e-01,
          9.4416102552018777e-01, 2.8699230286034566e-01, 0., 0., 0., 1. ]
   - !!opencv-matrix
      rows: 4
      cols: 4
      dt: d
      data: [ -3.4454443786662535e-02, 9.5377493520858370e-01,
          -2.9854022219998005e-01, -5.8577375384471393e-02,
          -9.9002537019979864e-01, -7.3405119802462920e-02,
          -1.2025578883171367e-01, 8.5696437818932686e-02,
          -1.3661133797786829e-01, 2.9141904768674237e-01,
          9.4679051589105412e-01, 2.7268892235483289e-01, 0., 0., 0., 1. ]
   - !!opencv-matrix
      rows: 4
      cols: 4
      dt: d
      data: [ -4.1635992721973110e-02, 9.7026385342922983e-01,
          -2.3844181436719089e-01, -3.5092848908103234e-02,
          -9.8669372429919511e-01, -7.7470195245640930e-02,
          -1.4294706459800577e-01, 5.9731085294697818e-02,
          -1.5716850364700932e-01, 2.2931729890539088e-01,
          9.6057880357839265e-01, 3.1747859955166213e-01, 0., 0., 0., 1. ]
   - !!opencv-matrix
      rows: 4
      cols: 4
      dt: d
      data: [ -5.4446963503841178e-02, 9.7507768969573960e-01,
          -2.1507911851881450e-01, -2.7813123698538302e-02,
          -9.9461754736332786e-01, -7.1978135211833161e-02,
          -7.4532426019722681e-02, 1.1740548832802536e-01,
          -8.8155899644718969e-02, 2.0986340107090121e-01,
          9.7374837111483004e-01, 3.0142369832967619e-01, 0., 0., 0., 1. ]
   - !!opencv-matrix
      rows: 4
      cols: 4
      dt: d
      data: [ 3.5104665830922088e-01, 9.1843598927215031e-01,
          -1.8232272842302383e-01, -1.2428349367418305e-01,
          -9.3057672693357985e-01, 3.2059775660223561e-01,
          -1.7675981939117086e-01, 4.4138979381939163e-02,
          -1.0389032187607650e-01, 2.3171623178210943e-01,
          9.6721992791152989e-01, 3.0117113529505568e-01, 0., 0., 0., 1. ]
   - !!opencv-matrix
      rows: 4
      cols: 4
      dt: d
      data: [ 3.4871148809943142e-01, 9.2541919837906594e-01,
          -1.4832263933374168e-01, -1.0539137083864421e-01,
          -9.3015201230763223e-01, 3.2230382106149813e-01,
          -1.7589053678131783e-01, 4.4766291867726481e-02,
          -1.1496752614343937e-01, 1.9929765227068008e-01,
          9.7317157466289195e-01, 3.0768546191418561e-01, 0., 0., 0., 1. ]
   - !!opencv-matrix
      rows: 4
      cols: 4
      dt: d
      data: [ 7.6006673112549883e-02, 9.8716688918157403e-01,
          -1.4044400501956564e-01, -4.3323725542421969e-02,
          -9.9013749184100031e-01, 5.8098174817638168e-02,
          -1.2748470235158477e-01, 1.1488280339719163e-01,
          -1.1768913668293689e-01, 1.4874856297266520e-01,
          9.8184679666452646e-01, 3.2235309611818980e-01, 0., 0., 0., 1. ]
   - !!opencv-matrix
      rows: 4
      cols: 4
      dt: d
      data: [ 8.2942003028368266e-02, 9.8254202609509456e-01,
          -1.6652864945884999e-01, -5.4480876420941494e-02,
          -9.7510219451479019e-01, 4.5529795411991945e-02,
          -2.1703167506652621e-01, 7.6824259522956961e-02,
          -2.0566072640658017e-01, 1.8038349338752852e-01,
          9.6185521827727760e-01, 3.1619498379904332e-01, 0., 0., 0., 1. ]
   - !!opencv-matrix
      rows: 4
      cols: 4
      dt: d
      data: [ 8.8641695985048841e-02, 9.7565195147435579e-01,
          -2.0061385624421760e-01, -7.1868814017006136e-02,
          -9.7744484128163900e-01, 4.6442471778679995e-02,
          -2.0602106461961203e-01, 1.0163522656849812e-01,
          -1.9168785038391459e-01, 2.1435103545205450e-01,
          9.5776270631917304e-01, 2.8298953971059110e-01, 0., 0., 0., 1. ]
   - !!opencv-matrix
      rows: 4
      cols: 4
      dt: d
      data: [ 1.0353729564682521e-01, 9.6741996721577450e-01,
          -2.3103816879981481e-01, -9.2788661279551515e-02,
          -9.5040940085445846e-01, 2.7739742769117670e-02,
          -3.0976196899970238e-01, 4.0955763051195429e-02,
          -2.9326097452203098e-01, 2.5165276414800813e-01,
          9.2231712936443722e-01, 3.1195570518788202e-01, 0., 0., 0., 1. ]
   - !!opencv-matrix
      rows: 4
      cols: 4
      dt: d
      data: [ 5.6267311122562627e-02, 9.8028028687757784e-01,
          -1.8943217482320945e-01, -3.0636243588976372e-02,
          -9.9806331801025239e-01, 5.0185013185777283e-02,
          -3.6757008772609762e-02, 1.0595589934377084e-01,
          -2.6525514913062334e-02, 1.9113352299049377e-01,
          9.8120557145169129e-01, 3.0261892274751634e-01, 0., 0., 0., 1. ]
   - !!opencv-matrix
      rows: 4
      cols: 4
      dt: d
      data: [ 7.1833411356572299e-02, 9.7502464238496211e-01,
          -2.1015924380087184e-01, -5.3040019950121128e-02,
          -9.8942473954849464e-01, 4.3038470961751563e-02,
          -1.3851489012618093e-01, 5.3004049133466000e-02,
          -1.2601049869860440e-01, 2.1788675214283057e-01,
          9.6780510303385858e-01, 3.3414311779936651e-01, 0., 0., 0., 1. ]
   - !!opencv-matrix
      rows: 4
      cols: 4
      dt: d
      data: [ 8.2299868221871464e-02, 9.2954864549894933e-01,
          -3.5939678259791275e-01, -1.4112514998106460e-01,
          -9.9343941482647036e-01, 4.7786266273461220e-02,
          -1.0389707322577590e-01, 7.3158732313971533e-02,
          -7.9403153337276017e-02, 3.6558964482970613e-01,
          9.2738306585433539e-01, 2.9977993746141723e-01, 0., 0., 0., 1. ]
   - !!opencv-matrix
      rows: 4
      cols: 4
      dt: d
      data: [ -1.2471755293579519e-01, 9.2351686606201200e-01,
          -3.6271494329391341e-01, -9.0471268724931692e-02,
          -9.8988185497304693e-01, -1.4074813034183659e-01,
          -1.7996583020035595e-02, 1.1761753927109704e-01,
          -6.7671598066151667e-02, 3.5680045109875774e-01,
          9.3172635087288158e-01, 3.0002634085773322e-01, 0., 0., 0., 1. ]
   - !!opencv-matrix
      rows: 4
      cols: 4
      dt: d
      data: [ -1.5889804734966179e-01, 9.2981532050222793e-01,
          -3.3195614214501890e-01, -2.8954201831797335e-02,
          -9.8676810302094142e-01, -1.3858404397514520e-01,
          8.4161592285007247e-02, 9.9652682847187118e-02,
          3.2250913303617040e-02, 3.4093684534651625e-01,
