%YAML 1.0
---
camera_matrix: !!opencv-matrix
   rows: 3
   cols: 3
   dt: d
   data: [ 2.3894728197683617e+03, 0., 1.2121466911781754e+03, 0.,
       2.4034165496495825e+03, 1.0295959004272784e+03, 0., 0., 1. ]
distortion_coefficients: !!opencv-matrix
   rows: 5
   cols: 1
   dt: d
   data: [ -2.1149535422680385e-01, 1.9071708618299457e-01,
       3.8802323096175350e-04, 6.6024223059165218e-05,
       -9.0850232487821911e-02 ]
nframes: 30
camera poses:
   - !!opencv-matrix
      rows: 4
      cols: 4
      dt: d
      data: [ 5.8509677291658360e-02, 9.4791262065066606e-01,
          -3.1311065340293465e-01, -1.0487014969416994e-01,
          -9.7245736517157488e-01, -1.6766173425986044e-02,
          -2.3247702757951882e-01, 1.0194461666681027e-02,
          -2.2561757597045629e-01, 3.1808891687676955e-01,
          9.2082362609425894e-01, 3.2826082431426262e-01, 0., 0., 0., 1. ]
   - !!opencv-matrix
      rows: 4
      cols: 4
      dt: d
      data: [ 9.1208990985431670e-02, 9.5276699181730740e-01,
          -2.8968254912372365e-01, -1.0439446324542433e-01,
          -9.8321819689452750e-01, 4.0006547730031268e-02,
          -1.7799284658153844e-01, 3.3723920502235320e-02,
          -1.5799651027441652e-01, 3.0105570156056471e-01,
          9.4042680060650263e-01, 3.2522026023467909e-01, 0., 0., 0., 1. ]
   - !!opencv-matrix
      rows: 4
      cols: 4
      dt: d
      data: [ 8.7472209780160931e-02, 9.5403002057954811e-01,
          -2.8666240135246607e-01, -9.0481772401304089e-02,
          -9.8584295260789234e-01, 4.1581813979764168e-02,
          -1.6243344957090894e-01, 5.8450968260633583e-02,
          -1.4304644458891053e-01, 2.9681252092716559e-01,
          9.4416102552018777e-01, 2.8699230286034566e-01, 0., 0., 0., 1. ]
   - !!opencv-matrix
      rows: 4
      cols: 4
      dt: d
      data: [ -3.4454443786662535e-02, 9.5377493520858370e-01,
          -2.9854022219998005e-01, -5.8577375384471393e-02,
          -9.9002537019979864e-01, -7.3405119802462920e-02,
          -1.2025578883171367e-01, 8.5696437818932686e-02,
          -1.3661133797786829e-01, 2.9141904768674237e-01,
          9.4679051589105412e-01, 2.7268892235483289e-01, 0., 0., 0., 1. ]
   - !!opencv-matrix
      rows: 4
      cols: 4
      dt: d
      data: [ -4.1635992721973110e-02, 9.7026385342922983e-01,
          -2.3844181436719089e-01, -3.5092848908103234e-02,
          -9.8669372429919511e-01, -7.7470195245640930e-02,
          -1.4294706459800577e-01, 5.9731085294697818e-02,
          -1.5716850364700932e-01, 2.2931729890539088e-01,
          9.6057880357839265e-01, 3.1747859955166213e-01, 0., 0., 0., 1. ]
   - !!opencv-matrix
      rows: 4
      cols: 4
      dt: d
      data: [ -5.4446963503841178e-02, 9.7507768969573960e-01,
          -2.1507911851881450e-01, -2.7813123698538302e-02,
          -9.9461754736332786e-01, -7.1978135211833161e-02,
          -7.4532426019722681e-02, 1.1740548832802536e-01,
          -8.8155899644718969e-02, 2.0986340107090121e-01,
          9.7374837111483004e-01, 3.0142369832967619e-01, 0., 0., 0., 1. ]
   - !!opencv-matrix
      rows: 4
      cols: 4
      dt: d
      data: [ 3.5104665830922088e-01, 9.1843598927215031e-01,
          -1.8232272842302383e-01, -1.2428349367418305e-01,
          -9.3057672693357985e-01, 3.2059775660223561e-01,
          -1.7675981939117086e-01, 4.4138979381939163e-02,
          -1.0389032187607650e-01, 2.3171623178210943e-01,
          9.6721992791152989e-01, 3.0117113529505568e-01, 0., 0., 0., 1. ]
   - !!opencv-matrix
      rows: 4
      cols: 4
      dt: d
      data: [ 3.4871148809943142e-01, 9.2541919837906594e-01,
          -1.4832263933374168e-01, -1.0539137083864421e-01,
          -9.3015201230763223e-01, 3.2230382106149813e-01,
          -1.7589053678131783e-01, 4.4766291867726481e-02,
          -1.1496752614343937e-01, 1.9929765227068008e-01,
          9.7317157466289195e-01, 3.0768546191418561e-01, 0., 0., 0., 1. ]
   - !!opencv-matrix
      rows: 4
      cols: 4
      dt: d
      data: [ 7.6006673112549883e-02, 9.8716688918157403e-01,
          -1.4044400501956564e-01, -4.3323725542421969e-02,
          -9.9013749184100031e-01, 5.8098174817638168e-02,
          -1.2748470235158477e-01, 1.1488280339719163e-01,
          -1.1768913668293689e-01, 1.4874856297266520e-01,
          9.8184679666452646e-01, 3.2235309611818980e-01, 0., 0., 0., 1. ]
   - !!opencv-matrix
      rows: 4
      cols: 4
      dt: d
      data: [ 8.2942003028368266e-02, 9.8254202609509456e-01,
          -1.6652864945884999e-01, -5.4480876420941494e-02,
          -9.7510219451479019e-01, 4.5529795411991945e-02,
          -2.1703167506652621e-01, 7.6824259522956961e-02,
          -2.0566072640658017e-01, 1.8038349338752852e-01,
          9.6185521827727760e-01, 3.1619498379904332e-01, 0., 0., 0., 1. ]
   - !!opencv-matrix
      rows: 4
      cols: 4
      dt: d
      data: [ 8.8641695985048841e-02, 9.7565195147435579e-01,
          -2.0061385624421760e-01, -7.1868814017006136e-02,
          -9.7744484128163900e-01, 4.6442471778679995e-02,
          -2.0602106461961203e-01, 1.0163522656849812e-01,
          -1.9168785038391459e-01, 2.1435103545205450e-01,
          9.5776270631917304e-01, 2.8298953971059110e-01, 0., 0., 0., 1. ]
   - !!opencv-matrix
      rows: 4
      cols: 4
      dt: d
      data: [ 1.0353729564682521e-01, 9.6741996721577450e-01,
          -2.3103816879981481e-01, -9.2788661279551515e-02,
          -9.5040940085445846e-01, 2.7739742769117670e-02,
          -3.0976196899970238e-01, 4.0955763051195429e-02,
          -2.9326097452203098e-01, 2.5165276414800813e-01,
          9.2231712936443722e-01, 3.1195570518788202e-01, 0., 0., 0., 1. ]
   - !!opencv-matrix
      rows: 4
      cols: 4
      dt: d
      data: [ 5.6267311122562627e-02, 9.8028028687757784e-01,
          -1.8943217482320945e-01, -3.0636243588976372e-02,
          -9.9806331801025239e-01, 5.0185013185777283e-02,
          -3.6757008772609762e-02, 1.0595589934377084e-01,
          -2.6525514913062334e-02, 1.9113352299049377e-01,
          9.8120557145169129e-01, 3.0261892274751634e-01, 0., 0., 0., 1. ]
   - !!opencv-matrix
      rows: 4
      cols: 4
      dt: d
      data: [ 7.1833411356572299e-02, 9.7502464238496211e-01,
          -2.1015924380087184e-01, -5.3040019950121128e-02,
          -9.8942473954849464e-01, 4.3038470961751563e-02,
          -1.3851489012618093e-01, 5.3004049133466000e-02,
          -1.2601049869860440e-01, 2.1788675214283057e-01,
          9.6780510303385858e-01, 3.3414311779936651e-01, 0., 0., 0., 1. ]
   - !!opencv-matrix
      rows: 4
      cols: 4
      dt: d
      data: [ 8.2299868221871464e-02, 9.2954864549894933e-01,
          -3.5939678259791275e-01, -1.4112514998106460e-01,
          -9.9343941482647036e-01, 4.7786266273461220e-02,
          -1.0389707322577590e-01, 7.3158732313971533e-02,
          -7.9403153337276017e-02, 3.6558964482970613e-01,
          9.2738306585433539e-01, 2.9977993746141723e-01, 0., 0., 0., 1. ]
   - !!opencv-matrix
      rows: 4
      cols: 4
      dt: d
      data: [ -1.2471755293579519e-01, 9.2351686606201200e-01,
          -3.6271494329391341e-01, -9.0471268724931692e-02,
          -9.8988185497304693e-01, -1.4074813034183659e-01,
          -1.7996583020035595e-02, 1.1761753927109704e-01,
          -6.7671598066151667e-02, 3.5680045109875774e-01,
          9.3172635087288158e-01, 3.0002634085773322e-01, 0., 0., 0., 1. ]
   - !!opencv-matrix
      rows: 4
      cols: 4
      dt: d
      data: [ -1.5889804734966179e-01, 9.2981532050222793e-01,
          -3.3195614214501890e-01, -2.8954201831797335e-02,
          -9.8676810302094142e-01, -1.3858404397514520e-01,
          8.4161592285007247e-02, 9.9652682847187118e-02,
          3.2250913303617040e-02, 3.4093684534651625e-01,
          9.3953283395326215e-01, 2.6721499090461448e-01, 0., 0., 0., 1. ]
   - !!opencv-matrix
      rows: 4
      cols: 4
      dt: d
      data: [ -3.6697743919353605e-02, 9.9050412444573688e-01,
          -1.3249473592265348e-01, -4.3655165683599555e-02,
          -9.6047330141496912e-01, 1.6506633517838348e-03,
          2.7836722612320774e-01, 5.4160735214433396e-02,
          2.7594258979044817e-01, 1.3747310561154574e-01,
          9.5129219085055938e-01, 2.7298679361335959e-01, 0., 0., 0., 1. ]
   - !!opencv-matrix
      rows: 4
      cols: 4
      dt: d
      data: [ -7.7290436685557740e-02, 9.6564026625606758e-01,
          -2.4812308353288356e-01, -1.0647389890525567e-01,
          -9.5036744931092054e-01, 3.8711909889951462e-03,
          3.1110564953176484e-01, 7.1309466955294151e-02,
          3.0137667409275459e-01, 2.5985359351996112e-01,
          9.1741387075166436e-01, 2.4710851130119890e-01, 0., 0., 0., 1. ]
   - !!opencv-matrix
      rows: 4
      cols: 4
      dt: d
      data: [ -2.2565076244026146e-02, 9.6332092622231225e-01,
          -2.6740159019027476e-01, -1.1888406781338812e-01,
          -9.5408120802688623e-01, 5.9162908662661370e-02,
          2.9364740545172741e-01, 5.9082962872357384e-02,
          2.9869694645921452e-01, 2.6174900828992642e-01,
          9.1775137746297131e-01, 2.4710105972573634e-01, 0., 0., 0., 1. ]
   - !!opencv-matrix
      rows: 4
      cols: 4
      dt: d
      data: [ -4.7117509338665792e-02, 9.7922779456454123e-01,
          -1.9721274468447864e-01, -6.8254567490721396e-02,
          -9.5611218181549484e-01, 1.2946366558009417e-02,
          2.9271468596050998e-01, 5.8704288796084365e-02,
          2.8918754485235887e-01, 2.0234949455140794e-01,
          9.3564162260827977e-01, 2.1285135164137750e-01, 0., 0., 0., 1. ]
   - !!opencv-matrix
      rows: 4
      cols: 4
      dt: d
      data: [ -1.9362599167885974e-02, 9.9313154406094750e-01,
          -1.1538988666508743e-01, -3.8200712649190179e-02,
          -9.6235267157504845e-01, 1.2782861560552548e-02,
          2.7150310120271259e-01, 5.0831788528258273e-02,
          2.7111330706151338e-01, 1.1630277142631502e-01,
          9.5549528522789018e-01, 3.0202152189429732e-01, 0., 0., 0., 1. ]
   - !!opencv-matrix
      rows: 4
      cols: 4
      dt: d
      data: [ 1.2974772311476559e-02, 9.6324602283020733e-01,
          -2.6830720226123839e-01, -1.3728857863763913e-01,
          -9.6604509707547592e-01, 8.1323233019904032e-02,
          2.4524151807478381e-01, 6.5079145419897566e-02,
          2.5804752604878711e-01, 2.5601490439616620e-01,
          9.3159424806464020e-01, 2.8377507962059612e-01, 0., 0., 0., 1. ]
   - !!opencv-matrix
      rows: 4
      cols: 4
      dt: d
      data: [ -9.3884438939671272e-02, 9.6727703620697469e-01,
          -2.3571348572288761e-01, -1.1188359494081522e-01,
          -9.6012171289750170e-01, -2.5339571487015392e-02,
          2.7843168379267003e-01, 9.0062219596008519e-02,
          2.6334769516316281e-01, 2.5245403808120248e-01,
          9.3108267630148955e-01, 2.8376170936606282e-01, 0., 0., 0., 1. ]
   - !!opencv-matrix
      rows: 4
      cols: 4
      dt: d
      data: [ -9.7965903873419663e-02, 9.6889296512653378e-01,
          -2.2726439185798009e-01, -1.0608024699096456e-01,
          -9.5374324350370221e-01, -2.6187902116687742e-02,
          2.9947958069585412e-01, 1.0220931294035335e-01,
          2.8421208128667175e-01, 2.4609066603802834e-01,
          9.2664064066910956e-01, 2.7790046916400629e-01, 0., 0., 0., 1. ]
   - !!opencv-matrix
      rows: 4
      cols: 4
      dt: d
      data: [ -6.6662315393113583e-02, 9.5681403205271109e-01,
          -2.8295413722626928e-01, -1.4486403950855697e-01,
          -9.8818561198086663e-01, -2.4087883312349220e-02,
          1.5135709481729170e-01, 1.5850715975631299e-02,
          1.3800482593166463e-01, 2.8970102164915473e-01,
          9.4711561389040921e-01, 3.1209771023920113e-01, 0., 0., 0., 1. ]
   - !!opencv-matrix
      rows: 4
      cols: 4
      dt: d
      data: [ -1.3723328108964988e-01, 9.8592421663004626e-01,
          -9.5501128913737382e-02, -1.0688452413487929e-02,
          -9.8609290663724158e-01, -1.2685645638459994e-01,
          1.0736954388120477e-01, 7.7271565054103173e-04,
          9.3743298646276646e-02, 1.0890766059360209e-01,
          9.8962180423783253e-01, 3.5409306249070238e-01, 0., 0., 0., 1. ]
   - !!opencv-matrix
      rows: 4
      cols: 4
      dt: d
      data: [ -1.4546039582481807e-01, 9.8438917793675018e-01,
          -9.9091975494972312e-02, -1.2008698423864053e-02,
          -9.7497974557334022e-01, -1.2560788268128692e-01,
          1.8340434981228934e-01, 4.6446070532336237e-02,
          1.6809452390911425e-01, 1.2329073837613677e-01,
          9.7803048258345959e-01, 3.3454927030489512e-01, 0., 0., 0., 1. ]
   - !!opencv-matrix
      rows: 4
      cols: 4
      dt: d
      data: [ -1.4545058060736876e-01, 9.8439074442511221e-01,
          -9.9090821427377671e-02, -1.2001366525637977e-02,
          -9.7498609473452580e-01, -1.2560211475622174e-01,
          1.8337454524301644e-01, 4.6448654715282200e-02,
          1.6806618837617965e-01, 1.2328410708172416e-01,
          9.7803618811665860e-01, 3.3453954884225723e-01, 0., 0., 0., 1. ]
   - !!opencv-matrix
      rows: 4
      cols: 4
      dt: d
      data: [ 8.7343039855835997e-02, 9.6446730054457186e-01,
          -2.4934718680788931e-01, -1.0623344891655997e-01,
          -9.7318692332784273e-01, 1.3607678645380700e-01,
          1.8544627376168249e-01, 4.0638158561769624e-02,
          2.1278723094309421e-01, 2.2646398028973974e-01,
          9.5049232504997061e-01, 2.6134285453605266e-01, 0., 0., 0., 1. ]
TCP poses:
   - !!opencv-matrix
      rows: 4
      cols: 4
      dt: d
      data: [ 5.8054109639999796e-01, -7.9533008647008241e-01,
          -1.7441929063661205e-01, -4.6402733260006507e-01,
          -7.4319166078542132e-01, -4.3008132241991465e-01,
          -5.1253898529238195e-01, -2.6280145560460016e-01,
          3.3262319631934095e-01, 4.2717690675062081e-01,
          -8.4076257029513191e-01, 5.6526588162500946e-01, 0., 0., 0.,
          1. ]
   - !!opencv-matrix
      rows: 4
      cols: 4
      dt: d
      data: [ 6.0418926067173617e-01, -7.8668121161875082e-01,
          -1.2683851376847122e-01, -4.6518896999191978e-01,
          -7.3676810440888019e-01, -4.9088535637879366e-01,
          -4.6497777067146995e-01, -2.6397465173809137e-01,
          3.0352610697382515e-01, 3.7438514684602375e-01,
          -8.7618928560351339e-01, 5.7144740529030069e-01, 0., 0., 0.,
          1. ]
   - !!opencv-matrix
      rows: 4
      cols: 4
      dt: d
      data: [ 6.0099319132565154e-01, -7.9058492642377221e-01,
          -1.1739956597759520e-01, -4.6483280716605069e-01,
          -7.3995035601050796e-01, -4.9484040252997524e-01,
          -4.5563850436930220e-01, -2.6366519054280868e-01,
          3.0212688496744472e-01, 3.6070548947235437e-01,
          -8.8238931047717117e-01, 5.2936346761306596e-01, 0., 0., 0.,
          1. ]
   - !!opencv-matrix
      rows: 4
      cols: 4
      dt: d
      data: [ 5.0036880532746963e-01, -8.5782519891469733e-01,
          -1.1733280343587112e-01, -4.6487415771718837e-01,
          -7.9462778580901372e-01, -4.0118184011337238e-01,
          -4.5565317203275646e-01, -2.6370139925177422e-01,
          3.4379898294704875e-01, 3.2123053913071287e-01,
          -8.8239061648136674e-01, 5.1292271570809889e-01, 0., 0., 0.,
          1. ]
   - !!opencv-matrix
      rows: 4
      cols: 4
      dt: d
      data: [ 4.9127973908447453e-01, -8.5454956502239343e-01,
          -1.6849112405444008e-01, -4.6954136735164648e-01,
          -8.2248372667371783e-01, -3.9148856535407539e-01,
          -4.1262237282280390e-01, -2.5975659366046794e-01,
          2.8664392078326656e-01, 3.4129421928454351e-01,
          -8.9518351110872818e-01, 5.4850914542539153e-01, 0., 0., 0.,
          1. ]
   - !!opencv-matrix
      rows: 4
      cols: 4
      dt: d
      data: [ 4.7640950239717794e-01, -8.7105979739708084e-01,
          -1.1953583305532153e-01, -4.4619616760603237e-01,
          -8.3734542800167278e-01, -4.0804546911817763e-01,
          -3.6380149716132532e-01, -2.5761386867717978e-01,
          2.6811680333460786e-01, 2.7341127352522004e-01,
          -9.2377467776452304e-01, 5.3778098180169998e-01, 0., 0., 0.,
          1. ]
   - !!opencv-matrix
      rows: 4
      cols: 4
      dt: d
      data: [ 7.8636841672485802e-01, -6.0607618417962261e-01,
          -1.1956743765719749e-01, -4.4619161960069514e-01,
          -6.0270213303481535e-01, -7.1022524897057482e-01,
          -3.6377222895648403e-01, -2.5761141372642682e-01,
          1.3555387125760512e-01, 3.5812254145048322e-01,
          -9.2378211353766937e-01, 5.3777753675175233e-01, 0., 0., 0.,
          1. ]
   - !!opencv-matrix
      rows: 4
      cols: 4
      dt: d
      data: [ 7.8174252497992092e-01, -6.0632002083904279e-01,
          -1.4578976976372629e-01, -4.4862082446286822e-01,
          -6.1496470827368233e-01, -7.1077764058180060e-01,
          -3.4148726656616862e-01, -2.5558283568594314e-01,
          1.0342645800704184e-01, 3.5661068124596523e-01,
          -9.2851052218346253e-01, 5.3733714880445438e-01, 0., 0., 0.,
          1. ]
   - !!opencv-matrix
      rows: 4
      cols: 4
      dt: d
      data: [ 5.7912933621810847e-01, -7.9641930862703592e-01,
          -1.7414217403491550e-01, -4.1721574270682660e-01,
          -7.9871557546464245e-01, -5.1151301528520698e-01,
          -3.1687200050496844e-01, -2.5327902444401779e-01,
          1.6328699103651190e-01, 3.2259993806550802e-01,
          -9.3234469941024090e-01, 5.3697921874986032e-01, 0., 0., 0.,
          1. ]
   - !!opencv-matrix
      rows: 4
      cols: 4
      dt: d
      data: [ 5.9018924785329663e-01, -7.7309425410637789e-01,
          -2.3238314479768810e-01, -4.1964919495935188e-01,
          -7.8543325106625672e-01, -4.8342767049919250e-01,
          -3.8651299527339916e-01, -2.5610668023972832e-01,
          1.8647053343048756e-01, 4.1063726287738106e-01,
          -8.9252774662680490e-01, 5.1298248368238641e-01, 0., 0., 0.,
          1. ]
   - !!opencv-matrix
      rows: 4
      cols: 4
      dt: d
      data: [ 5.9795582300055949e-01, -7.7555274548247533e-01,
          -2.0240250174915791e-01, -4.1054049495310724e-01,
          -7.7119674847496622e-01, -4.8787108081248848e-01,
          -4.0894667580076233e-01, -2.5822696440219112e-01,
          2.1841338988569980e-01, 4.0062419732393723e-01,
          -8.8982910923232228e-01, 4.8195593155055627e-01, 0., 0., 0.,
          1. ]
   - !!opencv-matrix
      rows: 4
      cols: 4
      dt: d
      data: [ 6.1474758475377811e-01, -7.4276464471870440e-01,
          -2.6530376852825333e-01, -4.1214710897897794e-01,
          -7.5066280739373537e-01, -4.4775853089043482e-01,
          -4.8581647523586019e-01, -2.6017486812213864e-01,
          2.4205527599115031e-01, 4.9780817648039516e-01,
          -8.3282426885514793e-01, 4.9880574373908892e-01, 0., 0., 0.,
          1. ]
   - !!opencv-matrix
      rows: 4
      cols: 4
      dt: d
      data: [ 5.6578785025026923e-01, -8.2114511489484854e-01,
          -7.4865270943909573e-02, -4.7567428675368695e-01,
          -7.9558842785059225e-01, -5.1980685822239403e-01,
          -3.1119107251845574e-01, -2.5320195349242386e-01,
          2.1661754771809652e-01, 2.3563007114816634e-01,
          -9.4739395585538133e-01, 5.5661559971420915e-01, 0., 0., 0.,
          1. ]
   - !!opencv-matrix
      rows: 4
      cols: 4
      dt: d
      data: [ 5.8265213550032746e-01, -7.9961631876525063e-01,
          -1.4536241522903259e-01, -4.7090770618135008e-01,
          -7.7885661012397145e-01, -4.9827723638807042e-01,
          -3.8092279606721252e-01, -2.5675784528998374e-01,
          2.3216130139001318e-01, 3.3516195855403447e-01,
          -9.1310875128602242e-01, 5.7138322392300356e-01, 0., 0., 0.,
          1. ]
   - !!opencv-matrix
      rows: 4
      cols: 4
      dt: d
      data: [ 5.9617976758929103e-01, -8.0246536410375136e-01,
          -2.4880195558170365e-02, -4.5980590068926641e-01,
          -7.1055921402306765e-01, -5.1296654957508925e-01,
          -4.8163359764861502e-01, -2.6603560423207062e-01,
          3.7373157223346742e-01, 3.0481905850989910e-01,
          -8.7601943670505344e-01, 5.7477056944048555e-01, 0., 0., 0.,
          1. ]
   - !!opencv-matrix
      rows: 4
      cols: 4
      dt: d
      data: [ 4.1906112522047645e-01, -9.0762070734471068e-01,
          -2.4747220612312104e-02, -4.5980663586518533e-01,
          -8.0059357579416957e-01, -3.5651361737532339e-01,
          -4.8160976632857699e-01, -2.6606235904109965e-01,
          4.2829627563878342e-01, 2.2163639643580249e-01,
          -8.7603630521166131e-01, 5.7472597418418603e-01, 0., 0., 0.,
          1. ]
   - !!opencv-matrix
      rows: 4
      cols: 4
      dt: d
      data: [ 3.8329651334576109e-01, -9.2218617091347788e-01,
          5.1540751187004130e-02, -5.3605473226746403e-01,
          -8.2934690774433972e-01, -3.6819687605232387e-01,
          -4.2025559732169093e-01, -2.6272509188622512e-01,
          4.0653104367549159e-01, 1.1833734254768202e-01,
          -9.0594082802734310e-01, 5.5994064115959841e-01, 0., 0., 0.,
          1. ]
   - !!opencv-matrix
      rows: 4
      cols: 4
      dt: d
      data: [ 4.7285263590198612e-01, -8.6653443703085209e-01,
          1.5977626281825558e-01, -6.1644064486359662e-01,
          -8.6106783335125003e-01, -4.9290464329181272e-01,
          -1.2492877566499583e-01, -3.9099670274986953e-01,
          1.8700954812075193e-01, -7.8505299572674048e-02,
          -9.7921619004726268e-01, 6.1921812526753905e-01, 0., 0., 0.,
          1. ]
   - !!opencv-matrix
      rows: 4
      cols: 4
      dt: d
      data: [ 4.4734709606771283e-01, -8.5999495503131196e-01,
          2.4553869951695431e-01, -6.0857558198815398e-01,
          -8.3973123340943889e-01, -4.9836382815804237e-01,
          -2.1560368832727350e-01, -3.9935611283465450e-01,
          3.0778569049981519e-01, -1.0973683112042765e-01,
          -9.4510623562602680e-01, 6.2229030318921741e-01, 0., 0., 0.,
          1. ]
   - !!opencv-matrix
      rows: 4
      cols: 4
      dt: d
      data: [ 4.9681320128642070e-01, -8.3237873663444983e-01,
          2.4560594827156823e-01, -6.0857777408624181e-01,
          -8.0918577297787453e-01, -5.4657786235777117e-01,
          -2.1557139232887398e-01, -3.9933744022144491e-01,
          3.1367981738986450e-01, -9.1642125571413963e-02,
          -9.4509612896414641e-01, 6.2226797282065704e-01, 0., 0., 0.,
          1. ]
   - !!opencv-matrix
      rows: 4
      cols: 4
      dt: d
      data: [ 4.7040656786286161e-01, -8.5825901768321500e-01,
          2.0520506688901669e-01, -6.1229363645192614e-01,
          -8.4568699073156672e-01, -5.0487171730080016e-01,
          -1.7296838664081904e-01, -3.9538383471302652e-01,
          2.5205391212768330e-01, -9.2173790391758284e-02,
          -9.6331345767924692e-01, 5.7148351261031216e-01, 0., 0., 0.,
          1. ]
   - !!opencv-matrix
      rows: 4
      cols: 4
      dt: d
      data: [ 4.8582781517575835e-01, -8.6203675152909187e-01,
          1.4444366727108646e-01, -6.1785981326489003e-01,
          -8.5806156228956620e-01, -5.0184914547213477e-01,
          -1.0898527657476090e-01, -3.8945626607469003e-01,
          1.6643824477186261e-01, -7.0993479996820902e-02,
          -9.8349287566062349e-01, 6.4487930240216607e-01, 0., 0., 0.,
          1. ]
   - !!opencv-matrix
      rows: 4
      cols: 4
      dt: d
      data: [ 5.2835990865003191e-01, -8.2349072098813969e-01,
          2.0663697485630178e-01, -5.7941083108629987e-01,
          -7.9186188671536528e-01, -5.6576237114312167e-01,
          -2.2992975398172108e-01, -3.8929162026073416e-01,
          3.0625244374357602e-01, -4.2142280965160123e-02,
          -9.5101707074906983e-01, 6.5291901512536532e-01, 0., 0., 0.,
          1. ]
   - !!opencv-matrix
      rows: 4
      cols: 4
      dt: d
      data: [ 4.3304209259427195e-01, -8.7736858772020321e-01,
          2.0663713926453492e-01, -5.7939753718457954e-01,
          -8.5010643968959754e-01, -4.7374696909964364e-01,
          -2.2996271538485985e-01, -3.8931619044860333e-01,
          2.9965578125551190e-01, -7.6080027278896664e-02,
          -9.5100906526141538e-01, 6.5293783969264851e-01, 0., 0., 0.,
          1. ]
   - !!opencv-matrix
      rows: 4
      cols: 4
      dt: d
      data: [ 4.2813159048590843e-01, -8.7594665203230015e-01,
          2.2230790364134775e-01, -5.7798410267275324e-01,
          -8.5500705773676133e-01, -4.7227916944626036e-01,
          -2.1427859745545491e-01, -3.8787853591302429e-01,
          2.9268801213635770e-01, -9.8335389868322520e-02,
          -9.5113820165689500e-01, 6.5007875346903743e-01, 0., 0., 0.,
          1. ]
   - !!opencv-matrix
      rows: 4
      cols: 4
      dt: d
      data: [ 4.6386615108498641e-01, -8.7840729730069989e-01,
          1.1501658109368589e-01, -5.8690032843804674e-01,
          -8.1919346425966333e-01, -4.7473176225970082e-01,
          -3.2179468922909626e-01, -3.9679867543735586e-01,
          3.3726882748314035e-01, 5.5048832418851168e-02,
          -9.3979751226392849e-01, 6.6972757784159764e-01, 0., 0., 0.,
          1. ]
   - !!opencv-matrix
      rows: 4
      cols: 4
      dt: d
      data: [ 3.8368901503588471e-01, -9.2322017999381412e-01,
          -2.1148025746672142e-02, -5.9935403887146443e-01,
          -9.0729214761679333e-01, -3.7260477341525200e-01,
          -1.9490162057067578e-01, -3.6751785380197305e-01,
          1.7205725388282667e-01, 9.3969048523213750e-02,
          -9.8059477833911723e-01, 6.6601383658502578e-01, 0., 0., 0.,
          1. ]
   - !!opencv-matrix
      rows: 4
      cols: 4
      dt: d
      data: [ 3.7436361587129552e-01, -9.2578275435526713e-01,
          5.2708394494086680e-02, -5.9322053187219659e-01,
          -9.0999490357489432e-01, -3.7771503035506593e-01,
          -1.7099892196031624e-01, -3.6601920161511869e-01,
          1.7821660579050366e-01, 1.6051404369923569e-02,
          -9.8386035281348005e-01, 6.5769063067651679e-01, 0., 0., 0.,
          1. ]
   - !!opencv-matrix
      rows: 4
      cols: 4
      dt: d
      data: [ 3.7432365902229470e-01, -9.2580081380284540e-01,
          5.2674960447536806e-02, -5.9324024259759589e-01,
          -9.1001179441932833e-01, -3.7766963245001217e-01,
          -1.7100930601223557e-01, -3.6599135594223975e-01,
          1.7821428762552771e-01, 1.6077993875533242e-02,
          -9.8386033856389588e-01, 6.5770019500058619e-01, 0., 0., 0.,
          1. ]
   - !!opencv-matrix
      rows: 4
      cols: 4
      dt: d
      data: [ 5.9019743028908189e-01, -7.9275842990615775e-01,
          1.5231895841584692e-01, -5.8428293204930537e-01,
          -7.6043593588368241e-01, -6.0930489280753641e-01,
          -2.2468808383513528e-01, -3.7108448161168367e-01,
          2.7093205918988816e-01, 1.6781520000292302e-02,
          -9.6245218057293991e-01, 6.0888638223654501e-01, 0., 0., 0.,
          1. ]
