%YAML 1.0
---
hand to eye: !!opencv-matrix
   rows: 4
   cols: 4
   dt: d
   data: [ 9.9942005368720543e-01, -1.1118287473541070e-02,
       -3.2186021368268536e-02, -8.4108911996952418e-02,
       1.1549125361587198e-02, 9.9984576662869995e-01,
       1.3231049015474557e-02, 1.4448849324166382e-01,
       3.2033950603152728e-02, -1.3595096113056194e-02,
       9.9939431625881847e-01, 1.4844628943342811e-01, 0., 0., 0., 1. ]
